1/beta	E	M	C	X
1	-7.99607	0.999693	0.999601	0.00785083	0.00085873
1.001	-8	1	1	0	0
1.002	-8	1	1	0	0
1.00301	-8	1	1	0	0
1.00402	-8	1	1	0	0
1.00503	-8	-1	1	0	0
1.00604	-8	1	1	0	0
1.00705	-8	-1	1	0	0
1.00806	-8	1	1	0	0
1.00908	-8	-1	1	0	0
1.0101	-8	1	1	0	0
1.01112	-8	-1	1	0	0
1.01215	-8	-1	1	0	0
1.01317	-8	-1	1	0	0
1.0142	-8	-1	1	0	0
1.01523	-8	-1	1	0	0
1.01626	-8	-1	1	0	0
1.01729	-8	-1	1	0	0
1.01833	-8	-1	1	0	0
1.01937	-8	-1	1	0	0
1.02041	-8	-1	1	0	0
1.02145	-8	1	1	0	0
1.02249	-8	-1	1	0	0
1.02354	-8	-1	1	0	0
1.02459	-8	-1	1	0	0
1.02564	-8	-1	1	0	0
1.02669	-8	-1	1	0	0
1.02775	-8	-1	1	0	0
1.02881	-8	-1	1	0	0
1.02987	-8	1	1	0	0
1.03093	-8	-1	1	0	0
1.03199	-8	1	1	0	0
1.03306	-8	1	1	0	0
1.03413	-8	1	1	0	0
1.0352	-8	1	1	0	0
1.03627	-8	1	1	0	0
1.03734	-8	1	1	0	0
1.03842	-8	1	1	0	0
1.0395	-8	1	1	0	0
1.04058	-8	1	1	0	0
1.04167	-8	1	1	0	0
1.04275	-8	-1	1	0	0
1.04384	-8	1	1	0	0
1.04493	-8	1	1	0	0
1.04603	-8	1	1	0	0
1.04712	-8	-1	1	0	0
1.04822	-8	1	1	0	0
1.04932	-8	-1	1	0	0
1.05042	-8	1	1	0	0
1.05152	-8	-1	1	0	0
1.05263	-8	1	1	0	0
1.05374	-8	-1	1	0	0
1.05485	-8	1	1	0	0
1.05597	-8	1	1	0	0
1.05708	-8	1	1	0	0
1.0582	-8	1	1	0	0
1.05932	-8	1	1	0	0
1.06045	-8	1	1	0	0
1.06157	-8	1	1	0	0
1.0627	-8	1	1	0	0
1.06383	-8	-1	1	0	0
1.06496	-8	1	1	0	0
1.0661	-8	-1	1	0	0
1.06724	-8	1	1	0	0
1.06838	-8	-1	1	0	0
1.06952	-8	1	1	0	0
1.07066	-8	1	1	0	0
1.07181	-8	1	1	0	0
1.07296	-8	1	1	0	0
1.07411	-8	1	1	0	0
1.07527	-8	1	1	0	0
1.07643	-8	1	1	0	0
1.07759	-8	1	1	0	0
1.07875	-8	1	1	0	0
1.07991	-8	1	1	0	0
1.08108	-8	1	1	0	0
1.08225	-8	1	1	0	0
1.08342	-8	1	1	0	0
1.0846	-8	1	1	0	0
1.08578	-8	1	1	0	0
1.08696	-8	-1	1	0	0
1.08814	-8	1	1	0	0
1.08932	-8	-1	1	0	0
1.09051	-8	-1	1	0	0
1.0917	-8	-1	1	0	0
1.0929	-8	1	1	0	0
1.09409	-8	-1	1	0	0
1.09529	-8	-1	1	0	0
1.09649	-8	1	1	0	0
1.09769	-8	-1	1	0	0
1.0989	-8	1	1	0	0
1.10011	-8	1	1	0	0
1.10132	-8	1	1	0	0
1.10254	-8	1	1	0	0
1.10375	-8	1	1	0	0
1.10497	-8	-1	1	0	0
1.10619	-8	-1	1	0	0
1.10742	-8	-1	1	0	0
1.10865	-8	-1	1	0	0
1.10988	-8	-1	1	0	0
1.11111	-8	1	1	0	0
1.11235	-8	1	1	0	0
1.11359	-8	1	1	0	0
1.11483	-8	1	1	0	0
1.11607	-8	1	1	0	0
1.11732	-8	1	1	0	0
1.11857	-8	1	1	0	0
1.11982	-8	1	1	0	0
1.12108	-8	1	1	0	0
1.12233	-8	-1	1	0	0
1.1236	-8	1	1	0	0
1.12486	-8	-1	1	0	0
1.12613	-8	1	1	0	0
1.1274	-8	-1	1	0	0
1.12867	-8	1	1	0	0
1.12994	-8	-1	1	0	0
1.13122	-8	1	1	0	0
1.1325	-8	-1	1	0	0
1.13379	-8	1	1	0	0
1.13507	-8	-1	1	0	0
1.13636	-8	1	1	0	0
1.13766	-8	-1	1	0	0
1.13895	-8	1	1	0	0
1.14025	-8	1	1	0	0
1.14155	-8	1	1	0	0
1.14286	-8	1	1	0	0
1.14416	-8	1	1	0	0
1.14548	-8	1	1	0	0
1.14679	-8	1	1	0	0
1.14811	-8	1	1	0	0
1.14943	-8	1	1	0	0
1.15075	-8	1	1	0	0
1.15207	-8	1	1	0	0
1.1534	-8	1	1	0	0
1.15473	-8	-1	1	0	0
1.15607	-8	-1	1	0	0
1.15741	-8	-1	1	0	0
1.15875	-8	-1	1	0	0
1.16009	-8	-1	1	0	0
1.16144	-8	-1	1	0	0
1.16279	-8	-1	1	0	0
1.16414	-8	1	1	0	0
1.1655	-8	1	1	0	0
1.16686	-8	1	1	0	0
1.16822	-8	-1	1	0	0
1.16959	-8	-1	1	0	0
1.17096	-8	-1	1	0	0
1.17233	-8	-1	1	0	0
1.17371	-8	1	1	0	0
1.17509	-8	-1	1	0	0
1.17647	-7.97392	-0.386434	0.997419	0.0375659	2.8835
1.17786	-7.98403	0.999002	0.998503	0.0229736	0.00169123
1.17925	-7.97391	-0.386211	0.997418	0.0374029	2.87729
1.18064	-7.84032	-0.608782	0.983034	0.22454	2.07487
1.18203	-7.97391	0.386211	0.997418	0.0372267	2.87051
1.18343	-7.84032	0.592814	0.983034	0.22348	2.13483
1.18483	-8	1	1	0	0
1.18624	-8	-1	1	0	0
1.18765	-8	-1	1	0	0
1.18906	-8	1	1	0	0
1.19048	-8	-1	1	0	0
1.1919	-8	-1	1	0	0
1.19332	-8	-1	1	0	0
1.19474	-8	1	1	0	0
1.19617	-8	1	1	0	0
1.1976	-8	-1	1	0	0
1.19904	-8	-1	1	0	0
1.20048	-7.96486	0.40567	0.996506	0.0485478	2.77202
1.20192	-8	1	1	0	0
1.20337	-7.96488	0.405907	0.996508	0.0482958	2.76473
1.20482	-7.95149	0.444155	0.994958	0.0664348	2.64831
1.20627	-7.94125	0.372596	0.993864	0.0801573	2.8353
1.20773	-7.90665	-0.98872	0.990179	0.126503	0.0417676
1.20919	-7.9521	0.996008	0.99501	0.0651338	0.00985147
1.21065	-7.96497	-0.407444	0.996517	0.0475934	2.74399
1.21212	-8	1	1	0	0
1.21359	-7.96504	-0.408739	0.996524	0.0472602	2.73389
1.21507	-7.89474	-0.0840708	0.988938	0.140719	3.23232
1.21655	-7.95547	0.994434	0.995362	0.0598373	0.0212488
1.21803	-8	-1	1	0	0
1.21951	-7.77645	-0.976048	0.977046	0.292233	0.0799546
1.221	-7.96517	0.410845	0.996537	0.0465228	2.71169
1.22249	-7.94504	-0.302138	0.994308	0.0730385	2.95468
1.22399	-8	1	1	0	0
1.22549	-7.96521	-0.411544	0.996541	0.0461281	2.69989
1.22699	-7.98403	0.999002	0.998503	0.0211704	0.0016235
1.2285	-7.96516	0.410728	0.996536	0.0459656	2.69544
1.23001	-7.9521	0.996008	0.99501	0.0629472	0.0096847
1.23153	-7.96516	0.410728	0.996536	0.04574	2.68882
1.23305	-7.9521	0.996008	0.99501	0.0626378	0.00966088
1.23457	-7.96517	0.410845	0.996537	0.045506	2.68189
1.23609	-7.94426	-0.376985	0.994231	0.0724515	2.75744
1.23762	-8	-1	1	0	0
1.23916	-7.96521	0.411544	0.996541	0.0451162	2.67011
1.24069	-7.9352	0.125245	0.993213	0.0835151	3.15154
1.24224	-8	-1	1	0	0
1.24378	-7.96521	0.411544	0.996541	0.0447814	2.66019
1.24533	-7.94995	0.364239	0.994807	0.0641416	2.76918
1.24688	-7.98403	0.999002	0.998503	0.0205004	0.0015976
1.24844	-7.96499	-0.407798	0.996519	0.0447295	2.66002
1.25	-7.9521	0.347305	0.99501	0.0609502	2.79804
1.25156	-7.96507	0.409208	0.996527	0.0444009	2.64973
1.25313	-7.61677	0.958084	0.959082	0.464708	0.131374
1.25471	-7.96514	-0.410378	0.996534	0.0440918	2.64006
1.25628	-8	-1	1	0	0
1.25786	-7.9652	0.411427	0.99654	0.043793	2.63071
1.25945	-7.99168	0.99948	0.99922	0.0104745	0.000824506
1.26103	-8	-1	1	0	0
1.26263	-7.96373	0.413069	0.996403	0.045296	2.61606
1.26422	-7.91005	-0.173449	0.990613	0.111299	3.03911
1.26582	-7.91326	0.0591789	0.990978	0.107096	3.12042
1.26743	-7.95985	-0.742991	0.995803	0.0497404	1.40053
1.26904	-7.79242	0.757485	0.978543	0.251108	1.2758
1.27065	-7.96384	-0.414915	0.996414	0.0445859	2.59477
1.27226	-7.99367	-0.999604	0.999406	0.00781711	0.000621589
1.27389	-8	-1	1	0	0
1.27551	-7.96379	-0.414109	0.996409	0.0443073	2.58696
1.27714	-8	-1	1	0	0
1.27877	-7.96374	-0.413185	0.996403	0.0441507	2.58273
1.28041	-7.90311	-0.644752	0.990196	0.116762	1.79471
1.28205	-7.93062	-0.0420888	0.992876	0.0851116	3.09225
1.2837	-7.88822	-0.991018	0.988523	0.133766	0.0199622
1.28535	-7.96369	-0.412374	0.996398	0.0437603	2.57159
1.287	-8	1	1	0	0
1.28866	-7.9637	0.412606	0.9964	0.0435185	2.56439
1.29032	-7.61677	0.118762	0.959581	0.438306	2.93098
1.29199	-7.96375	0.413416	0.996405	0.043235	2.55572
1.29366	-7.9521	0.319361	0.99501	0.0569055	2.76121
1.29534	-7.96384	0.4148	0.996413	0.0429109	2.54561
1.29702	-8	1	1	0	0
1.2987	-7.9638	-0.414224	0.99641	0.0427307	2.54047
1.30039	-7.88834	-0.234127	0.9883	0.130218	2.8714
1.30208	-7.98403	-0.999002	0.998503	0.0187991	0.00152987
1.30378	-7.96806	-0.998004	0.997006	0.0374253	0.00304965
1.30548	-7.96806	-0.998004	0.997006	0.0373278	0.00304568
1.30719	-7.96806	-0.998004	0.997006	0.0372304	0.0030417
1.3089	-7.96806	0.998004	0.997006	0.0371331	0.00303772
1.31062	-7.9521	0.997006	0.995509	0.0554427	0.0045415
1.31234	-7.9521	-0.997006	0.995509	0.0552974	0.00453555
1.31406	-7.9521	0.997006	0.995509	0.0551524	0.0045296
1.31579	-7.9521	0.997006	0.995509	0.0550076	0.00452365
1.31752	-7.94482	-0.342389	0.99437	0.0631336	2.663
1.31926	-7.9325	0.109502	0.993	0.0769163	2.97442
1.321	-7.79715	-0.98336	0.979002	0.226594	0.0363517
1.32275	-7.89417	-0.444108	0.989073	0.119372	2.39453
1.3245	-7.92385	-0.0764325	0.992147	0.085985	2.97864
1.32626	-8	-1	1	0	0
1.32802	-7.94606	-0.343844	0.994487	0.0607524	2.63929
1.32979	-7.91127	0.0345398	0.990806	0.0992448	2.97675
1.33156	-7.89123	0.0777239	0.988662	0.12102	2.95179
1.33333	-7.94567	0.64472	0.99439	0.060701	1.73618
1.33511	-8	1	1	0	0
1.3369	-7.93559	0.360306	0.993431	0.0714975	2.58392
1.33869	-7.84599	-0.146982	0.983828	0.168565	2.87512
1.34048	-7.82245	-0.335186	0.981444	0.193232	2.59338
1.34228	-7.72854	0.546906	0.971058	0.291106	2.00242
1.34409	-7.9112	-0.0251127	0.990912	0.0972129	2.94708
1.3459	-7.98403	-0.999002	0.998503	0.0175951	0.00148007
1.34771	-7.90624	-0.0103675	0.990413	0.10203	2.93923
1.34953	-7.86611	-0.585918	0.986077	0.144573	1.90519
1.35135	-8	-1	1	0	0
1.35318	-7.90734	-0.141975	0.990498	0.100037	2.86833
1.35501	-7.8887	-0.195856	0.988407	0.119548	2.80454
1.35685	-7.89363	-0.0886987	0.989072	0.114013	2.89259
1.3587	-7.93	0.637595	0.992944	0.0751709	1.72641
1.36054	-7.88252	-0.275178	0.987802	0.125067	2.68151
1.3624	-7.8738	0.119448	0.98685	0.133836	2.8555
1.36426	-7.71257	-0.625749	0.969561	0.297764	1.6947
1.36612	-7.90268	-0.114968	0.989968	0.103029	2.85993
1.36799	-7.8463	0.105308	0.984047	0.162332	2.84493
1.36986	-7.92097	-0.0589337	0.991739	0.0834007	2.88574
1.37174	-7.93595	0.337492	0.993373	0.0675375	2.56454
1.37363	-7.90468	0.177665	0.990235	0.0998309	2.79165
1.37552	-7.96101	0.997076	0.996101	0.04101	0.00564375
1.37741	-7.98403	-0.999002	0.998503	0.0167992	0.00144621
1.37931	-7.88854	-0.0455541	0.988493	0.115539	2.86061
1.38122	-7.87423	0.0492629	0.987031	0.129778	2.85141
1.38313	-7.61644	-0.515411	0.960616	0.381772	2.00985
1.38504	-7.98403	0.999002	0.998503	0.0166146	0.00143824
1.38696	-7.88859	-0.0465819	0.988474	0.114223	2.8445
1.38889	-8	-1	1	0	0
1.39082	-7.88862	-0.0468849	0.988477	0.113554	2.83654
1.39276	-8	-1	1	0	0
1.3947	-7.88833	0.0486328	0.988431	0.113215	2.82804
1.39665	-7.86808	-0.154217	0.98618	0.133025	2.75631
1.3986	-7.80178	-0.183847	0.979273	0.197651	2.70405
1.40056	-7.85333	0.0503218	0.984786	0.146806	2.80532
1.40252	-7.83959	0.344676	0.983381	0.159826	2.46578
1.40449	-7.81592	-0.0151159	0.980853	0.18234	2.79282
1.40647	-7.77903	-0.179882	0.976914	0.217239	2.68632
1.40845	-7.85485	-0.00651336	0.984913	0.14369	2.79703
1.41044	-7.8187	0.21983	0.981114	0.178144	2.64539
1.41243	-7.84488	-0.332536	0.983946	0.152501	2.47337
1.41443	-7.8891	-0.394422	0.988448	0.10933	2.35538
1.41643	-7.79109	0.0777749	0.978268	0.202819	2.74555
1.41844	-8	-1	1	0	0
1.42045	-7.86581	-0.102842	0.98609	0.130783	2.74705
1.42248	-8	1	1	0	0
1.4245	-7.85765	-0.0548347	0.985248	0.137801	2.75813
1.42653	-7.81619	0.679431	0.980306	0.176496	1.45438
1.42857	-7.88627	-0.277206	0.988276	0.109867	2.55201
1.43062	-7.87879	0.122758	0.987322	0.116654	2.71842
1.43266	-7.82435	0.800399	0.982036	0.167396	0.953181
1.43472	-7.82998	0.152184	0.982364	0.161684	2.67426
1.43678	-7.85796	0.402052	0.985401	0.135169	2.29334
1.43885	-7.56886	-0.94012	0.95509	0.394054	0.198116
1.44092	-7.83584	-0.132955	0.982973	0.154886	2.67966
1.443	-7.80565	-0.00348959	0.979706	0.182768	2.71571
1.44509	-7.82325	-0.0864113	0.981489	0.165535	2.69609
1.44718	-7.80821	0.269742	0.980119	0.178765	2.50794
1.44928	-7.72854	-0.634731	0.971058	0.249711	1.56816
1.45138	-7.821	0.254511	0.981454	0.166151	2.52636
1.45349	-7.98403	-0.999002	0.998503	0.0150866	0.00137051
1.4556	-7.81403	0.441804	0.980727	0.171466	2.15865
1.45773	-7.84684	0.213465	0.984078	0.142353	2.57527
1.45985	-7.87226	0.988024	0.987026	0.117968	0.0296869
1.46199	-7.81649	0.407181	0.980983	0.167773	2.23035
1.46413	-7.82484	0.514105	0.981684	0.15984	1.95988
1.46628	-7.82268	0.170199	0.981519	0.161298	2.59856
1.46843	-7.92016	0.607784	0.991517	0.0733146	1.69464
1.47059	-7.77645	-0.792415	0.977046	0.200965	0.949618
1.47275	-7.77645	0.820359	0.977046	0.200374	0.825818
1.47493	-7.77645	0.816367	0.977046	0.199784	0.842321
1.4771	-7.77645	0.820359	0.977046	0.199195	0.823385
1.47929	-7.77645	-0.764471	0.977046	0.198607	1.06167
1.48148	-7.77645	0.768463	0.977046	0.19802	1.04358
1.48368	-7.77645	0.632735	0.977046	0.197434	1.55476
1.48588	-7.77645	-0.592814	0.977046	0.196848	1.68416
1.4881	-7.77645	0.58483	0.977046	0.196264	1.70693
1.49031	-7.77645	0.477046	0.977046	0.19568	2.01159
1.49254	-7.77645	0.44511	0.977046	0.195097	2.08751
1.49477	-7.77645	-0.417166	0.977046	0.194515	2.14888
1.49701	-7.77645	-0.349301	0.977046	0.193934	2.28465
1.49925	-7.77645	0.321357	0.977046	0.193354	2.33123
1.5015	-7.77645	-0.321357	0.977046	0.192775	2.32774
1.50376	-7.77645	0.293413	0.977046	0.192196	2.36994
1.50602	-7.77645	0.305389	0.977046	0.191619	2.34733
1.5083	-7.80151	0.604639	0.979773	0.17017	1.62882
1.51057	-7.8394	0.582166	0.983427	0.137936	1.70666
1.51286	-7.79277	0.323394	0.978481	0.176397	2.31058
1.51515	-7.74466	0.0938557	0.973402	0.215352	2.54653
1.51745	-7.67744	0.00123017	0.966336	0.268869	2.54726
1.51976	-7.71197	0.0180425	0.970017	0.241558	2.55223
1.52207	-7.83734	0.629454	0.983104	0.137573	1.54235
1.52439	-7.76048	0.978044	0.97505	0.199977	0.0484915
1.52672	-7.76048	0.00698603	0.975549	0.199368	2.55581
1.52905	-7.76048	0.00698603	0.975549	0.198759	2.55191
1.53139	-7.76048	0.0169661	0.975549	0.198152	2.54738
1.53374	-7.76048	0.0249501	0.975549	0.197546	2.54261
1.5361	-7.76048	0.0249501	0.975549	0.19694	2.53871
1.53846	-7.76048	-0.12475	0.975549	0.196335	2.49596
1.54083	-7.76048	0.136727	0.975549	0.195732	2.48399
1.54321	-7.76048	-0.140719	0.975549	0.195129	2.4773
1.5456	-7.76048	0.156687	0.975549	0.194527	2.46118
1.54799	-7.77645	-0.223553	0.977046	0.18137	2.39555
1.55039	-7.77645	0.259481	0.977046	0.180809	2.34707
1.5528	-7.77645	0.263473	0.977046	0.180249	2.33805
1.55521	-7.77645	-0.243513	0.977046	0.17969	2.36045
1.55763	-7.77645	0.251497	0.977046	0.179131	2.34663
1.56006	-7.77645	0.283433	0.977046	0.178574	2.29917
1.5625	-7.72033	-0.304048	0.970791	0.221096	2.24857
1.56495	-7.75372	0.00897884	0.974382	0.194928	2.49031
1.5674	-7.69268	0.413339	0.967905	0.241562	2.03409
1.56986	-7.74796	-0.0212363	0.973829	0.198099	2.48017
1.57233	-7.72605	0.0563892	0.971508	0.214032	2.46343
1.5748	-7.66188	-0.119417	0.964669	0.262152	2.41404
1.57729	-7.72965	0.150673	0.971785	0.209993	2.40687
1.57978	-7.71202	-0.00970641	0.970073	0.223735	2.45599
1.58228	-7.70439	0.173607	0.969029	0.227421	2.37351
1.58479	-7.72592	0.0751874	0.971577	0.211641	2.43799
1.5873	-7.72066	-0.307072	0.970995	0.214001	2.20929
1.58983	-7.78046	-0.98079	0.977772	0.16895	0.0398081
1.59236	-7.58483	0.325349	0.958084	0.310478	2.14081
1.5949	-7.55289	0.917166	0.954591	0.331894	0.284402
1.59744	-7.55289	-0.94511	0.954591	0.330836	0.153641
1.6	-7.6008	-0.95509	0.959581	0.296314	0.118461
1.60256	-7.64274	-0.0513309	0.962718	0.265791	2.39637
1.60514	-8	-1	1	0	0
1.60772	-7.64106	-0.0858921	0.962555	0.265275	2.37648
1.61031	-7.65206	-0.33257	0.963538	0.260724	2.11869
1.6129	-7.70636	-0.135121	0.969526	0.217464	2.35915
1.61551	-7.6614	-0.0754474	0.964726	0.250272	2.37457
1.61812	-7.642	-0.0547395	0.962625	0.261601	2.3722
1.62075	-7.72205	-0.00289093	0.971143	0.204272	2.39676
1.62338	-7.7152	-0.215865	0.97037	0.208444	2.27618
1.62602	-7.58243	-0.190376	0.956679	0.302563	2.26427
1.62866	-7.68925	0.141894	0.967586	0.225201	2.32694
1.63132	-7.69635	-0.00211057	0.968393	0.219542	2.37449
1.63399	-7.59829	-0.215048	0.958525	0.28777	2.23326
1.63666	-7.599	0.158208	0.958177	0.284398	2.28061
1.63934	-7.58483	0.724551	0.957086	0.292935	1.05435
1.64204	-7.62497	-0.0414687	0.960897	0.265145	2.33656
1.64474	-7.67485	-0.0727773	0.966279	0.231622	2.33711
1.64745	-7.64018	-0.13554	0.962481	0.253821	2.2923
1.65017	-7.57631	0.0838318	0.95601	0.296977	2.30033
1.65289	-7.70029	0.173651	0.968945	0.211514	2.27187
1.65563	-7.48271	-0.579699	0.946241	0.353028	1.47422
1.65837	-7.67925	0.160296	0.966576	0.225718	2.2694
1.66113	-7.54581	-0.210968	0.952581	0.310513	2.18664
1.66389	-7.64517	0.0129932	0.963019	0.245157	2.31469
1.66667	-7.66635	-0.157844	0.965351	0.233908	2.25705
1.66945	-7.65507	0.127884	0.964253	0.236849	2.27117
1.67224	-7.63535	0.00328515	0.961933	0.250794	2.30092
1.67504	-6.97804	-0.140719	0.891717	0.635411	2.08213
1.67785	-7.56951	-0.055011	0.955891	0.291648	2.27163
1.68067	-7.583	-0.0113137	0.9566	0.279868	2.2764
1.6835	-7.6008	0.10978	0.958084	0.267648	2.24777
1.68634	-7.59984	0.0392587	0.959147	0.269597	2.27144
1.68919	-7.58603	-0.0741906	0.957108	0.276733	2.2534
1.69205	-7.61416	-0.0650714	0.959874	0.256531	2.25913
1.69492	-7.49798	-0.371607	0.947786	0.329719	1.91088
1.69779	-7.61667	-0.0857843	0.960175	0.25408	2.24483
1.70068	-7.58483	-0.953094	0.956587	0.272186	0.113364
1.70358	-7.79242	-0.981038	0.979541	0.139343	0.0401637
1.70648	-7.79242	0.981038	0.979541	0.138868	0.0400953
1.7094	-7.56249	0.0822328	0.954563	0.283563	2.21785
1.71233	-7.56204	0.0640811	0.954541	0.286035	2.22021
1.71527	-7.61374	0.180409	0.959773	0.251912	2.16229
1.71821	-7.66822	0.173238	0.965455	0.216452	2.17771
1.72117	-7.58226	-0.112168	0.956696	0.268116	2.19412
1.72414	-7.49924	-0.104253	0.947656	0.315823	2.17335
1.72712	-7.51078	0.218448	0.949233	0.308951	2.08791
1.7301	-7.4333	-0.218864	0.941193	0.353885	2.06529
1.7331	-7.66467	-0.689621	0.965569	0.213923	1.1309
1.73611	-7.52222	0.249306	0.950694	0.298097	2.0472
1.73913	-7.53449	0.239948	0.951782	0.289908	2.05668
1.74216	-7.37301	-0.0948733	0.93459	0.380775	2.12515
1.7452	-7.57102	0.162204	0.955619	0.267328	2.12998
1.74825	-7.55496	0.0495809	0.95378	0.27709	2.17662
1.75131	-7.55503	-0.294261	0.953638	0.274703	1.98034
1.75439	-7.49891	0.0744366	0.94804	0.307673	2.1489
1.75747	-7.5523	-0.13971	0.95343	0.274189	2.12558
1.76056	-7.6053	0.334819	0.959069	0.242117	1.9243
1.76367	-7.47147	-0.131512	0.945032	0.319673	2.10411
1.76678	-7.6654	0.0760456	0.964829	0.205416	2.17128
1.76991	-7.57337	-0.0447608	0.955931	0.25877	2.15588
1.77305	-7.60172	-0.118427	0.95889	0.240766	2.13162
1.7762	-7.49854	0.0516696	0.94775	0.299675	2.12832
1.77936	-6.96341	-0.176067	0.891387	0.569954	1.93415
1.78253	-7.4619	-0.129109	0.943806	0.315919	2.08049
1.78571	-7.52117	0.0508571	0.950469	0.283299	2.12326
1.78891	-7.56961	-0.0352053	0.955309	0.255451	2.1333
1.79211	-7.56627	0.107891	0.95497	0.25617	2.10551
1.79533	-7.54811	0.0175479	0.952982	0.26548	2.12256
1.79856	-7.45371	-0.0708525	0.943156	0.315729	2.08641
1.8018	-7.47068	0.107177	0.94509	0.30609	2.0726
1.80505	-7.50052	-0.0115932	0.948138	0.289377	2.10078
1.80832	-7.44987	-0.0284563	0.942938	0.315964	2.08399
1.81159	-7.51354	0.0457107	0.949474	0.279246	2.09183
1.81488	-7.40942	-0.0123831	0.938632	0.334286	2.06841
1.81818	-7.38464	-0.0810443	0.936057	0.345513	2.04487
1.82149	-7.37574	0.0196796	0.934897	0.346939	2.05218
1.82482	-7.46641	-0.244428	0.944485	0.300668	1.93935
1.82815	-7.34531	-0.489022	0.931138	0.359717	1.51409
1.8315	-7.4259	-0.00866438	0.940305	0.319605	2.05346
1.83486	-7.43033	0.121636	0.940821	0.31573	2.01874
1.83824	-7.51864	-0.0407646	0.949859	0.26913	2.06328
1.84162	-7.47041	-0.176993	0.945011	0.291626	1.98452
1.84502	-7.45159	-0.156061	0.943386	0.303675	1.99246
1.84843	-7.48882	0.0509361	0.946828	0.281525	2.04332
1.85185	-7.45538	-0.223398	0.943701	0.295999	1.9306
1.85529	-7.41018	-0.0426062	0.938666	0.317441	2.01985
1.85874	-7.44157	-0.0948417	0.942024	0.303614	2.00788
1.8622	-7.36128	0.518962	0.934132	0.338964	1.42801
1.86567	-7.36251	0.105052	0.933704	0.338082	1.9782
1.86916	-7.56886	-0.663673	0.954591	0.233504	1.10024
1.87266	-7.36796	0.0058282	0.934306	0.332938	1.9956
1.87617	-7.34126	0.00414285	0.931322	0.343465	1.98554
1.8797	-7.32031	-0.0471939	0.929209	0.354581	1.97262
1.88324	-7.47325	0.133333	0.945267	0.277487	1.96999
1.88679	-7.35114	-0.0347623	0.932687	0.337361	1.97473
1.89036	-7.35111	-0.0872407	0.932296	0.334234	1.95663
1.89394	-7.22995	-0.0230559	0.919549	0.389845	1.94096
1.89753	-7.36953	-0.0503505	0.934508	0.324306	1.9646
1.90114	-7.42688	0.0429327	0.940543	0.296031	1.97503
1.90476	-7.25787	0.0618326	0.922629	0.372406	1.92949
1.9084	-7.34527	-0.0755499	0.931951	0.332092	1.9414
1.91205	-7.28241	0.0668342	0.925293	0.358083	1.92637
1.91571	-7.31489	-0.003785	0.928663	0.34252	1.93902
1.91939	-7.24567	-0.0151587	0.921636	0.373202	1.92021
1.92308	-7.28189	0.0856796	0.925553	0.355599	1.90988
1.92678	-7.23364	0.0749332	0.920144	0.373303	1.89856
1.9305	-7.35643	0.0437989	0.933304	0.319013	1.92983
1.93424	-7.28548	0.241339	0.926058	0.352018	1.79464
1.93798	-7.6008	0.588822	0.958084	0.201972	1.26187
1.94175	-7.29595	0.00921617	0.926876	0.342554	1.90919
1.94553	-7.35115	0.0389039	0.933018	0.3179	1.91517
1.94932	-6.99401	-0.0578842	0.89521	0.462907	1.83009
1.95313	-7.27676	-0.144009	0.924868	0.346324	1.85166
1.95695	-7.29325	0.0741427	0.926166	0.337283	1.88185
1.96078	-7.39321	-0.116766	0.937625	0.291709	1.88494
1.96464	-7.26445	-0.0995391	0.923639	0.348119	1.86036
1.9685	-7.23324	-0.220299	0.920281	0.363837	1.77139
1.97239	-7.27176	0.0618565	0.924103	0.341588	1.86632
1.97628	-7.24479	-0.0672888	0.921611	0.353433	1.85618
1.9802	-7.3365	-0.117082	0.931265	0.311966	1.85346
1.98413	-7.22774	0.225093	0.920122	0.359987	1.75282
1.98807	-7.24251	-0.130929	0.921266	0.349017	1.8191
1.99203	-7.2495	-0.164671	0.921657	0.342772	1.79624
1.99601	-7.2219	-0.0344449	0.919246	0.355095	1.83979
2	-7.20989	0.0584504	0.918067	0.359412	1.8293
2.00401	-7.23211	-0.0670311	0.920442	0.348113	1.82823
2.00803	-7.19508	-0.0688247	0.916431	0.361884	1.81609
2.01207	-7.18212	0.305122	0.914277	0.362738	1.6325
2.01613	-7.16631	0.339882	0.913146	0.368561	1.58249
2.0202	-7.14283	-0.146922	0.911232	0.380121	1.7615
2.02429	-7.17107	-0.00209338	0.913848	0.364916	1.80575
2.0284	-7.19906	0.0966453	0.917082	0.352396	1.79007
2.03252	-7.15689	0.0558991	0.912437	0.367783	1.78953
2.03666	-7.12151	0.00834092	0.908551	0.378506	1.78426
2.04082	-7.11879	0.0588324	0.908633	0.378277	1.77414
2.04499	-6.9704	-0.115187	0.89157	0.429027	1.71796
2.04918	-7.1446	0.083067	0.91132	0.366755	1.76543
2.05339	-7.11217	0.0606488	0.90766	0.37731	1.76096
2.05761	-7.05509	-0.0118951	0.901952	0.39708	1.75312
2.06186	-7.11484	0.0671499	0.908159	0.3735	1.75308
2.06612	-7.03364	0.0314341	0.899556	0.401978	1.73963
2.07039	-7.07392	0.054423	0.903563	0.383392	1.73996
2.07469	-7.14286	-0.0437593	0.911249	0.356981	1.7532
2.079	-7.11398	-0.296022	0.908226	0.369352	1.57883
2.08333	-7.11709	0.0353677	0.908372	0.365075	1.74167
2.08768	-7.07657	0.0348657	0.904034	0.378234	1.7298
2.09205	-7.36592	-0.0878468	0.93428	0.266789	1.77159
2.09644	-7.02744	0.0197859	0.898782	0.391097	1.71413
2.10084	-7.10578	0.168466	0.906919	0.362823	1.67274
2.10526	-7.03909	-0.0430632	0.900194	0.384687	1.70685
2.1097	-7.11644	0.10633	0.908303	0.356496	1.70071
2.11416	-6.93165	-0.197529	0.888775	0.418719	1.60774
2.11864	-7.04811	0.0181645	0.901217	0.376655	1.70087
2.12314	-6.86263	0.0553936	0.880895	0.435321	1.65383
2.12766	-6.95589	0.0191711	0.891455	0.403856	1.67524
2.1322	-7.0383	0.0948711	0.900064	0.375234	1.67164
2.13675	-6.94949	0.0833973	0.890695	0.40333	1.65436
2.14133	-6.9692	0.0302449	0.893184	0.395864	1.66676
2.14592	-6.98343	-0.0983425	0.894383	0.387966	1.6491
2.15054	-6.92062	-0.067413	0.888021	0.408453	1.64327
2.15517	-6.98549	-0.201299	0.895531	0.384076	1.5869
2.15983	-7.04789	-0.122566	0.901355	0.363836	1.64149
2.1645	-6.95929	-0.00937569	0.891846	0.390333	1.64797
2.1692	-6.92673	0.0832001	0.888123	0.396797	1.62493
2.17391	-6.94509	-0.0439223	0.890465	0.392274	1.63491
2.17865	-6.76404	0.0945693	0.872191	0.459264	1.58492
2.18341	-6.90165	0.089272	0.886054	0.400804	1.60865
2.18818	-7.03492	-0.301984	0.900198	0.359786	1.47886
2.19298	-6.90365	0.052496	0.88619	0.397462	1.61138
2.1978	-6.99132	-0.135269	0.895392	0.367573	1.59631
2.20264	-6.98209	0.0255407	0.894355	0.36885	1.62296
2.20751	-6.86192	0.0445203	0.881876	0.405681	1.59437
2.21239	-6.98749	-0.0444748	0.894982	0.365068	1.61455
2.21729	-6.78837	0.0798033	0.874244	0.420979	1.56565
2.22222	-7.025	0.226616	0.89938	0.35395	1.52644
2.22717	-6.8782	0.00236076	0.883613	0.394951	1.58696
2.23214	-6.8286	0.0209892	0.878401	0.405603	1.57331
2.23714	-6.89031	0.158915	0.885083	0.388601	1.53737
2.24215	-6.70502	-0.0408748	0.865204	0.437175	1.54054
2.24719	-6.7355	-0.0529922	0.868661	0.424543	1.54122
2.25225	-6.53303	0.0202164	0.848377	0.483103	1.50599
2.25734	-6.79553	-0.000770648	0.87539	0.407948	1.55119
2.26244	-6.90529	0.0603169	0.886658	0.375956	1.56118
2.26757	-6.72123	-0.00813136	0.867013	0.422458	1.52929
2.27273	-6.85794	-0.0135702	0.881539	0.382621	1.55118
2.2779	-6.82249	-0.133531	0.877337	0.388705	1.50929
2.28311	-6.74483	-0.0405796	0.869572	0.411217	1.52061
2.28833	-6.84927	0.0328741	0.880557	0.380333	1.53733
2.29358	-6.63424	-0.0312088	0.857843	0.434248	1.49438
2.29885	-6.69838	0.0548144	0.864898	0.419477	1.49969
2.30415	-6.75046	-0.0650559	0.870678	0.403049	1.50415
2.30947	-6.76681	-0.0905918	0.871977	0.396446	1.49605
2.31481	-6.72798	-0.0277307	0.868362	0.404949	1.4992
2.32019	-6.66086	-0.0194992	0.860928	0.418807	1.48358
2.32558	-6.73684	0.223759	0.869474	0.39692	1.40938
2.331	-6.73863	-0.0238062	0.869255	0.395662	1.49067
2.33645	-6.67283	0.0228333	0.862502	0.411037	1.47571
2.34192	-6.64942	-0.0260299	0.8599	0.415141	1.46755
2.34742	-6.66471	-0.21089	0.861257	0.404969	1.3918
2.35294	-6.13174	-0.4501	0.80489	0.517296	1.02391
2.35849	-6.70716	0.0303524	0.865907	0.394449	1.46702
2.36407	-6.73012	0.0635819	0.868328	0.387036	1.46237
2.36967	-6.60272	0.0591738	0.855181	0.417582	1.43764
2.3753	-6.67465	0.315369	0.860279	0.391979	1.28122
2.38095	-6.63114	0.0337717	0.857859	0.404918	1.43929
2.38663	-6.70099	0.233663	0.865347	0.382049	1.35881
2.39234	-6.62898	0.0202244	0.85796	0.403724	1.43382
2.39808	-6.47936	-0.0667433	0.841904	0.432051	1.39686
2.40385	-6.58824	-0.101148	0.852582	0.4024	1.40167
2.40964	-6.53524	-0.14037	0.848938	0.421831	1.37653
2.41546	-6.60037	0.0361638	0.854782	0.398398	1.41335
2.42131	-6.50471	-0.0246109	0.844877	0.419984	1.39474
2.42718	-6.54384	0.178697	0.849132	0.411386	1.34675
2.43309	-6.5189	0.00786314	0.846527	0.414058	1.39159
2.43902	-6.36377	0.0434124	0.830528	0.444755	1.35898
2.44499	-7.13772	-0.102794	0.912675	0.268075	1.47585
2.45098	-6.60831	0.147394	0.855799	0.388627	1.36121
2.457	-6.35789	0.0272271	0.829322	0.438095	1.34893
2.46305	-6.55055	-0.0222691	0.849673	0.39715	1.37906
2.46914	-6.46667	0.00447744	0.841267	0.413813	1.36282
2.47525	-6.39225	0.0629202	0.833568	0.427235	1.34065
2.48139	-6.8576	-0.0424811	0.882828	0.324302	1.42021
2.48756	-6.48249	0.0649205	0.842673	0.402334	1.34824
2.49377	-6.39666	-0.000836099	0.834041	0.419698	1.3378
2.5	-6.3297	-0.015698	0.826603	0.428218	1.32217
2.50627	-6.45358	0.0268841	0.83957	0.402995	1.3388
2.51256	-6.37551	-0.0186463	0.831556	0.416599	1.32328
2.51889	-6.406	-0.0229248	0.834711	0.410939	1.32469
2.52525	-6.33036	-0.00992256	0.826924	0.421613	1.30969
2.53165	-6.1477	-0.200599	0.806886	0.454144	1.2113
2.53807	-6.40253	0.0578951	0.834108	0.402825	1.30927
2.54453	-6.32787	0.00840087	0.827131	0.417646	1.30014
2.55102	-6.19948	0.000479243	0.812975	0.435585	1.27475
2.55754	-6.43308	-0.0407429	0.83812	0.39257	1.30822
2.5641	-6.38115	0.0352199	0.832348	0.399559	1.29653
2.57069	-6.22864	0.083631	0.816376	0.424653	1.2594
2.57732	-6.13567	0.318835	0.809058	0.445893	1.09789
2.58398	-6.25696	0.0379112	0.819313	0.415464	1.26607
2.59067	-6.28258	0.0726334	0.821761	0.40838	1.26065
2.5974	-6.14135	0.0067852	0.807315	0.429796	1.24319
2.60417	-6.64271	-0.350299	0.861776	0.332368	1.13521
2.61097	-6.31188	-0.03903	0.824637	0.396697	1.26101
2.6178	-6.18464	0.0026455	0.811868	0.418391	1.24052
2.62467	-6.20969	0.0148832	0.814488	0.410926	1.24094
2.63158	-6.17011	0.0631481	0.810724	0.415988	1.22624
2.63852	-6.16199	-0.0109623	0.809698	0.414951	1.22732
2.6455	-6.19418	0.0583028	0.813302	0.408022	1.22457
2.65252	-6.4241	0.173795	0.839006	0.373419	1.21967
2.65957	-6.12602	0.0193259	0.806595	0.416941	1.21256
2.66667	-6.12541	0.0108262	0.806349	0.414085	1.20935
2.6738	-6.15359	0.0305786	0.808823	0.404522	1.2086
2.68097	-6.09861	-0.00105827	0.804003	0.413862	1.19957
2.68817	-6.20892	-0.0623501	0.814892	0.392377	1.20677
2.69542	-6.08935	-0.0774269	0.802234	0.413665	1.18162
2.7027	-6.09904	0.127029	0.803228	0.404958	1.1649
2.71003	-5.96982	-0.0944425	0.79028	0.422893	1.15329
2.71739	-6.24563	-0.0377331	0.819991	0.383789	1.20493
2.7248	-6.00417	0.0387204	0.793009	0.410041	1.16194
2.73224	-5.99153	-0.0261324	0.791962	0.411672	1.15843
2.73973	-6.04513	0.0299129	0.79831	0.402775	1.16423
2.74725	-5.80834	0.0205746	0.772938	0.431096	1.12478
2.75482	-6.0384	0.00818364	0.797236	0.398663	1.15749
2.76243	-6.00076	-0.0315941	0.793005	0.402746	1.14683
2.77008	-5.85842	0.00193247	0.778326	0.419789	1.1239
2.77778	-5.97474	-0.0652963	0.790602	0.401457	1.13233
2.78552	-5.84806	-0.0750249	0.777443	0.41535	1.10832
2.7933	-5.94903	-0.00951088	0.787852	0.400503	1.12807
2.80112	-5.87478	0.00226925	0.780271	0.408442	1.11422
2.80899	-5.8026	-0.0938349	0.772506	0.415621	1.08751
2.8169	-5.70895	0.0367893	0.762192	0.422436	1.08039
2.82486	-5.90411	0.0281711	0.783361	0.397255	1.10812
2.83286	-5.8636	-0.00306304	0.779278	0.40042	1.10033
2.84091	-5.96685	0.0139074	0.790055	0.38485	1.11213
2.849	-5.74856	-0.0825802	0.767183	0.409965	1.06755
2.85714	-6.00312	0.180967	0.794852	0.385464	1.06694
2.86533	-5.8548	-0.0142006	0.778914	0.393998	1.08708
2.87356	-5.78874	-0.0258768	0.771312	0.398162	1.07273
2.88184	-5.73778	-0.0256335	0.765844	0.401038	1.06208
2.89017	-5.76346	-0.00173916	0.768867	0.397016	1.06411
2.89855	-5.65269	0.169661	0.755489	0.410029	1.00285
2.90698	-5.58879	0.00709921	0.750404	0.410917	1.03249
2.91545	-5.87665	0.0501839	0.781151	0.377709	1.06828
2.92398	-5.64417	0.00936599	0.755479	0.395338	1.03338
2.93255	-5.82805	-0.00452489	0.775264	0.379202	1.05743
2.94118	-5.80265	-0.00409059	0.773022	0.379191	1.05129
2.94985	-5.60059	0.136275	0.752811	0.400014	0.99563
2.95858	-5.68491	0.000656959	0.761096	0.388593	1.029
2.96736	-5.57342	0.0166725	0.748956	0.394525	1.00922
2.97619	-5.65481	0.0104941	0.757775	0.385971	1.0183
2.98507	-5.83226	-0.500645	0.778065	0.377879	0.706741
2.99401	-5.69186	0.0889839	0.762386	0.381653	1.00797
3.003	-5.60267	-0.00969222	0.752605	0.385627	1.00235
3.01205	-5.58173	0.00118422	0.749943	0.383398	0.995923
3.02115	-5.53097	0.00714595	0.745344	0.386951	0.986768
3.0303	-5.65369	0.137902	0.757426	0.37163	0.9747
3.03951	-5.46983	0.0293179	0.739358	0.389615	0.971864
3.04878	-5.50822	0.0467873	0.74267	0.380587	0.971511
3.0581	-5.47754	0.0523107	0.739409	0.380338	0.963568
3.06748	-5.55209	-0.0218428	0.747729	0.374618	0.974416
3.07692	-5.34774	0.0288252	0.726033	0.387634	0.942763
3.08642	-5.47062	0.0587048	0.739506	0.376955	0.953933
3.09598	-5.36078	0.0141236	0.727279	0.382592	0.939387
3.10559	-5.58509	-0.0155391	0.750761	0.36148	0.966669
3.11526	-5.51177	0.0829621	0.742818	0.36648	0.94494
3.125	-5.23752	0.0249501	0.712076	0.376935	0.91066
3.1348	-5.2716	-0.0272126	0.718389	0.378659	0.915719
3.14465	-5.37733	-0.0247493	0.729679	0.370155	0.927373
3.15457	-5.3346	-0.00804681	0.725267	0.37117	0.919556
3.16456	-5.25151	-0.115009	0.715947	0.373437	0.888238
3.1746	-5.27167	0.00356022	0.718866	0.371335	0.905755
3.18471	-5.20432	-0.0674409	0.711779	0.372793	0.888282
3.19489	-5.22398	-0.0054902	0.713782	0.368883	0.893617
3.20513	-5.2741	-0.00278454	0.719	0.364085	0.897302
3.21543	-5.24511	0.0172932	0.717043	0.367238	0.891629
3.22581	-5.25041	0.00579804	0.716753	0.36199	0.888731
3.23625	-5.13997	-0.0497911	0.705693	0.367659	0.869172
3.24675	-5.29351	-0.0307222	0.720869	0.349436	0.886948
3.25733	-5.28245	0.0763754	0.721402	0.35548	0.878718
3.26797	-5.13486	-0.00658453	0.704825	0.359484	0.862653
3.27869	-5.14751	-0.00135768	0.706011	0.356026	0.861331
3.28947	-5.16092	0.00988157	0.707698	0.35363	0.860442
3.30033	-5.11847	0.00507177	0.702982	0.352018	0.851984
3.31126	-5.24345	-0.0172296	0.716232	0.343561	0.864849
3.32226	-4.99495	-0.0308185	0.692194	0.359024	0.832258
3.33333	-5.33333	-0.290419	0.724052	0.325749	0.76765
3.34448	-4.83445	-0.0165447	0.672977	0.356302	0.804553
3.3557	-5.07941	-0.0546669	0.698579	0.343253	0.829144
3.367	-5.01613	0.0281107	0.692804	0.345644	0.822112
3.37838	-5.11418	0.050056	0.704022	0.34003	0.830595
3.38983	-5.19537	-0.00685503	0.712089	0.333136	0.840209
3.40136	-4.86207	0.000793136	0.677626	0.348631	0.796888
3.41297	-4.99801	-0.00103664	0.691851	0.339245	0.810848
3.42466	-5.06188	-0.342315	0.701098	0.333358	0.682016
3.43643	-4.50299	0.184631	0.636228	0.344185	0.70089
3.44828	-5.01134	-0.182849	0.691474	0.328159	0.763326
3.46021	-4.81429	0.0924823	0.671846	0.335159	0.766767
3.47222	-5.06354	-0.00950278	0.697639	0.322079	0.803576
3.48432	-4.86355	0.0640891	0.677749	0.333947	0.773341
3.4965	-4.84128	0.0135758	0.675217	0.328436	0.772237
3.50877	-4.85682	0.00333589	0.67754	0.328638	0.772383
3.52113	-4.9773	-0.00893534	0.689637	0.319117	0.783336
3.53357	-5.07987	0.049266	0.700423	0.31295	0.790131
3.5461	-4.76596	-0.0272215	0.665363	0.317579	0.749694
3.55872	-5.34615	-0.0797276	0.730168	0.300319	0.813564
3.57143	-4.82679	0.0236746	0.673914	0.317671	0.754156
3.58423	-4.57911	-0.0185553	0.649397	0.326901	0.724343
3.59712	-4.92162	0.0267857	0.683904	0.307675	0.759704
3.61011	-4.75415	-0.00669694	0.666419	0.312743	0.738343
3.62319	-4.73028	-0.000656335	0.663737	0.311169	0.732766
3.63636	-4.73037	-0.0160736	0.664089	0.30951	0.730214
3.64964	-4.48854	-0.018453	0.63896	0.314755	0.699927
3.663	-4.73376	0.0220197	0.664816	0.305599	0.72545
3.67647	-3.93651	-0.0134921	0.593254	0.348472	0.645262
3.69004	-4.72655	0.278443	0.66517	0.307526	0.637001
3.7037	-4.52361	-0.0730755	0.643083	0.306556	0.688762
3.71747	-4.56526	-7.50075e-05	0.646377	0.298601	0.695502
3.73134	-4.62184	-0.0335371	0.654221	0.301237	0.700119
3.74532	-4.57677	-0.0118347	0.648947	0.298093	0.692926
3.7594	-4.49188	-0.0264885	0.639846	0.296286	0.68005
3.77358	-4.49915	0.106838	0.640598	0.28805	0.666935
3.78788	-4.47511	0.00839718	0.638769	0.294767	0.674466
3.80228	-4.4962	-0.0317696	0.640027	0.290203	0.672247
3.81679	-4.04368	-0.0140406	0.593604	0.301958	0.62189
3.83142	-4.39305	0.0393759	0.62987	0.289428	0.655965
3.84615	-4.49414	0.0200744	0.641353	0.287344	0.666588
3.861	-4.45311	-0.0135684	0.636448	0.283649	0.65917
3.87597	-4.39796	-0.0455835	0.631218	0.283765	0.649273
3.89105	-4.88623	-0.146707	0.678144	0.259665	0.675006
3.90625	-4.32414	-0.00489084	0.624349	0.28288	0.639309
3.92157	-5.06188	-0.189621	0.698603	0.258383	0.6759
3.93701	-4.3018	-0.0127138	0.62203	0.278859	0.631818
3.95257	-4.27944	0.0449102	0.626248	0.291582	0.631721
3.96825	-4.28928	-0.0184042	0.620827	0.274504	0.625452
3.98406	-4.3239	-0.00671152	0.624449	0.272258	0.626902
4	-4.27497	0.0266888	0.61896	0.268643	0.618247
4.01606	-4.32581	0.0336151	0.623819	0.265696	0.620198
4.03226	-4.19941	0.0197059	0.610331	0.264941	0.605063
4.04858	-4.31373	0.0231301	0.624989	0.265246	0.61696
4.06504	-4.17782	0.0262824	0.608305	0.261641	0.597892
4.08163	-4.11882	-0.0118822	0.602515	0.260041	0.590327
4.09836	-4.17673	0.0698819	0.609088	0.257264	0.589704
4.11523	-4.2214	-0.0206395	0.61532	0.258323	0.597677
4.13223	-4.15756	-0.00357115	0.606264	0.253509	0.586851
4.14938	-4.15427	-0.00514556	0.6075	0.253345	0.585605
4.16667	-4.18468	0.0187251	0.609883	0.249969	0.585151
4.1841	-4.10531	-0.0104246	0.602306	0.249745	0.5757
4.20168	-4.17306	0.00472096	0.608981	0.246615	0.579729
4.21941	-4.03997	0.02633	0.595936	0.247952	0.56429
4.23729	-4.23412	-0.00314192	0.614878	0.240828	0.580435
4.25532	-4.13212	0.0159051	0.6051	0.242902	0.568556
4.2735	-3.91614	0.013192	0.581508	0.23808	0.544128
4.29185	-3.8437	0.0284091	0.574611	0.237605	0.534785
4.31034	-3.56088	-0.0149701	0.544411	0.229891	0.505006
4.329	-4.03526	0.0980608	0.597069	0.238262	0.542807
4.34783	-3.9579	-0.0227849	0.587632	0.232567	0.540143
4.36681	-3.89589	-0.00122004	0.580907	0.230763	0.532109
4.38596	-3.86101	-0.0410876	0.576485	0.227048	0.524215
4.40529	-3.83252	-0.00113374	0.574463	0.227625	0.521612
4.42478	-3.71587	-0.0195089	0.562869	0.227206	0.50849
4.44444	-3.85604	-0.00995722	0.577417	0.224329	0.519586
4.46429	-3.85325	-0.0107661	0.57719	0.222642	0.517058
4.4843	-3.79817	-0.0269204	0.571141	0.219317	0.508811
4.5045	-3.66833	-0.0196301	0.555442	0.213471	0.49289
4.52489	-3.75052	0.0624605	0.566342	0.215906	0.497197
4.54545	-3.95777	-0.21644	0.588612	0.209931	0.476754
4.56621	-3.70056	-0.00259301	0.561255	0.212801	0.491654
4.58716	-3.81799	0.0336402	0.573735	0.210758	0.49931
4.60829	-3.70878	-0.0386717	0.563704	0.211783	0.487997
4.62963	-3.69115	0.0109054	0.560614	0.207405	0.484267
4.65116	-3.78764	0.00699036	0.571132	0.206177	0.491131
4.6729	-3.65037	-0.0389995	0.556782	0.203449	0.475303
4.69484	-3.66889	-0.00769305	0.558776	0.201805	0.476027
4.71698	-3.57385	0.0148212	0.550076	0.201311	0.466279
4.73934	-3.75681	0.0384846	0.568409	0.199328	0.478487
4.7619	-3.38523	-0.0189621	0.525449	0.189134	0.441075
4.78469	-3.55553	0.00901144	0.548598	0.196529	0.45856
4.80769	-3.59544	0.0350983	0.552132	0.193578	0.458349
4.83092	-3.63258	0.0301912	0.556691	0.192806	0.460185
4.85437	-3.44474	-9.87869e-05	0.535949	0.188634	0.441622
4.87805	-3.62942	-0.00327086	0.553792	0.186154	0.454101
4.90196	-3.66616	-0.00986343	0.560319	0.188207	0.457141
4.92611	-3.46835	-0.00198453	0.539614	0.185276	0.438164
4.9505	-3.51755	-0.0662552	0.54612	0.184761	0.437718
4.97512	-3.38451	-0.0225206	0.531596	0.181927	0.426995
5	-3.04225	-0.205008	0.497653	0.176868	0.364499
5.02513	-3.38347	0.00898245	0.531158	0.177614	0.422738
5.05051	-3.43921	0.00918513	0.536492	0.175456	0.424835
5.07614	-3.3426	-0.0145486	0.526252	0.173142	0.41452
5.10204	-3.27013	0.0336027	0.519313	0.171104	0.406256
5.12821	-3.23211	0.0508651	0.517682	0.172262	0.401774
5.15464	-3.36804	0.0146453	0.530133	0.169702	0.411217
5.18135	-3.32265	0.00399157	0.525048	0.166575	0.405325
5.20833	-3.27911	-0.0130084	0.522553	0.167713	0.401191
5.2356	-3.20989	-0.00520819	0.515563	0.165385	0.393869
5.26316	-3.18696	-0.00850732	0.512315	0.162324	0.389305
5.29101	-3.21002	-0.00633933	0.514762	0.160577	0.38913
5.31915	-3.17305	-0.00635715	0.511265	0.159099	0.384441
5.34759	-3.11403	-0.0364531	0.503006	0.154186	0.375255
5.37634	-3.18646	0.0160568	0.51363	0.15581	0.381949
5.40541	-3.23972	0.120879	0.514856	0.148893	0.37018
5.43478	-3.002	0.0558882	0.496008	0.152943	0.362763
5.46448	-3.12727	-0.0313329	0.507779	0.151552	0.370976
5.49451	-3.02711	-0.0285088	0.499003	0.150227	0.362683
5.52486	-3.03137	-0.00380907	0.497695	0.147214	0.36032
5.55556	-3.10034	0.000624766	0.504936	0.146039	0.363553
5.58659	-2.99294	0.00309561	0.49452	0.145055	0.354069
5.61798	-3.05305	-0.0106366	0.500107	0.143299	0.355996
5.64972	-2.68263	-0.142715	0.455589	0.129733	0.308137
5.68182	-2.92874	-0.0143515	0.488714	0.140628	0.343909
5.71429	-2.9823	-0.0032841	0.493272	0.138139	0.345283
5.74713	-2.97069	-0.0107784	0.491153	0.135138	0.341762
5.78035	-2.99205	0.0318368	0.494039	0.134198	0.341173
5.81395	-3.10508	0.0200565	0.507486	0.137016	0.348874
5.84795	-2.67246	0.0884058	0.463406	0.131881	0.311624
5.88235	-2.90224	-0.002888	0.486668	0.130858	0.330928
5.91716	-2.83683	0.0422744	0.480914	0.130202	0.32389
5.95238	-2.76903	0.0637606	0.469421	0.122771	0.312719
5.98802	-2.90883	0.00921893	0.485645	0.1246	0.324354
6.0241	-2.7909	-0.0131917	0.475132	0.123695	0.315372
6.06061	-2.83799	0.00378358	0.478925	0.121135	0.316081
6.09756	-2.64072	0.0261803	0.459394	0.118473	0.300913
6.13497	-2.90661	-0.0047836	0.486446	0.11951	0.317148
6.17284	-2.77366	0.0101464	0.473347	0.11743	0.306662
6.21118	-2.74109	-0.036067	0.470374	0.116445	0.302083
6.25	-2.6807	0.00261279	0.463909	0.11338	0.296897
6.28931	-2.67287	0.0138407	0.463933	0.113139	0.294939
6.32911	-2.70554	0.0291559	0.467179	0.112497	0.29472
6.36943	-2.5964	0.000861857	0.455368	0.108792	0.285971
6.41026	-2.66843	-0.00443423	0.463696	0.108668	0.289334
6.45161	-2.56434	-0.00651559	0.452728	0.106256	0.280665
6.49351	-2.56437	0.0194748	0.452592	0.10444	0.278563
6.53595	-2.5884	0.0205255	0.455958	0.104307	0.278788
6.57895	-3.12974	0.0399202	0.51996	0.117556	0.315167
6.62252	-2.46418	0.0097286	0.444248	0.101492	0.268268
6.66667	-2.51582	-0.000279239	0.449273	0.0999066	0.269564
6.71141	-2.53894	-0.000340732	0.450277	0.0973587	0.268365
6.75676	-2.47282	0.0124402	0.446011	0.097435	0.263947
6.80272	-2.49878	-0.00398289	0.448576	0.0964777	0.263754
6.84932	-2.38964	0.000903342	0.434809	0.091265	0.253928
6.89655	-2.44566	0.0092681	0.442412	0.0929436	0.256549
6.94444	-2.43375	0.00706313	0.441067	0.0913173	0.254026
6.99301	-2.59289	-0.06917	0.457312	0.0921067	0.258846
7.04225	-2.38386	-0.0211821	0.435952	0.0885364	0.247366
7.0922	-2.31468	0.0307647	0.428216	0.0857248	0.24098
7.14286	-2.57086	-0.0379242	0.451098	0.0859186	0.251809
7.19424	-2.27409	-0.00158076	0.428694	0.0861394	0.238353
7.24638	-2.33733	0.029093	0.434731	0.0856107	0.239504
7.29927	-2.31132	-0.0257433	0.430941	0.0827049	0.235793
7.35294	-2.22972	-0.00269008	0.423195	0.0812279	0.230214
7.40741	-2.28061	-0.00615692	0.428516	0.0806026	0.231378
7.46269	-2.18526	0.0242967	0.419694	0.0787935	0.224639
7.5188	-2.45908	0.00798403	0.44511	0.0772032	0.236764
7.57576	-2.06774	-0.0520544	0.410258	0.0772706	0.215186
7.63359	-2.1795	-0.0121832	0.419034	0.0751016	0.219496
7.69231	-2.22071	0.0307863	0.423972	0.0743785	0.219973
7.75194	-2.25562	0.00351398	0.427565	0.0739483	0.220617
7.8125	-2.17991	-0.0551543	0.427446	0.0764086	0.217295
7.87402	-2.01709	-0.031339	0.404558	0.0707183	0.205017
7.93651	-2.06889	0.00389336	0.411832	0.0706307	0.207556
8	-2.04661	0.000785546	0.408047	0.0687609	0.204023
8.06452	-2.09021	-0.0125434	0.414331	0.0687565	0.20543
8.13008	-2.03922	0.00490196	0.403431	0.0640106	0.198476
8.19672	-1.96265	0.00218673	0.398108	0.0635446	0.194274
8.26446	-1.91892	0.0178303	0.394238	0.0622332	0.190657
8.33333	-2.06298	0.0081451	0.409858	0.0637489	0.1967
8.40336	-2.00338	0.0114305	0.402536	0.0612577	0.191545
8.47458	-1.97962	-0.0107121	0.401815	0.060456	0.189602
8.54701	-1.89901	-0.000781555	0.393035	0.0586125	0.18394
8.62069	-1.87011	-0.0301887	0.389275	0.0568647	0.180201
8.69565	-1.67665	-0.0259481	0.388224	0.0646178	0.178273
8.77193	-1.67153	0.0167059	0.375882	0.0560918	0.171275
8.84956	-1.93052	-0.0437345	0.397798	0.0556549	0.17894
8.92857	-1.72951	0.0274024	0.37732	0.0524604	0.168703
9.00901	-1.82941	0.0128267	0.388425	0.0531947	0.172388
9.09091	-1.76196	-0.0172946	0.382229	0.0517383	0.168049
9.17431	-1.73607	-0.000199947	0.381332	0.051609	0.166261
9.25926	-1.90888	-0.0260155	0.395832	0.050433	0.170707
9.34579	-1.80704	0.0082791	0.385648	0.048933	0.165028
9.43396	-1.74034	-0.00664502	0.38235	0.0488141	0.162098
9.52381	-1.69261	0.0828343	0.372754	0.0449179	0.153675
9.61538	-1.6917	0.00101903	0.376312	0.0462912	0.156545
9.70874	-1.63479	0.0179885	0.372721	0.0457294	0.153428
9.80392	-2.2994	0.128743	0.437625	0.0487134	0.171788
9.90099	-1.6167	-0.0321318	0.371554	0.0440482	0.149691
10	-1.63381	-0.00156368	0.369717	0.0418634	0.147886
10.101	-1.37325	0.0798403	0.338323	0.036696	0.131452
10.2041	-1.52661	0.000853809	0.36256	0.0408126	0.142123
10.3093	-1.58112	0.00477147	0.367027	0.0398877	0.142397
10.4167	-1.53709	-0.00727164	0.363422	0.0390632	0.139534
10.5263	-1.49171	0.0055995	0.359698	0.0383793	0.136673
10.6383	-1.50717	-0.0191266	0.363564	0.0381115	0.136562
10.7527	-1.57367	0.00202263	0.367312	0.0371236	0.136639
10.8696	-1.46906	-0.0329341	0.355788	0.0348982	0.130531
10.989	-1.49385	-0.005	0.360865	0.0353837	0.131346
11.1111	-1.45585	0.00209288	0.358631	0.0346371	0.129105
11.236	-1.42054	-0.00252765	0.351185	0.0324431	0.12502
11.3636	-1.39241	-0.0123187	0.351083	0.0319923	0.123528
11.4943	-1.43794	5.93014e-05	0.355186	0.0320316	0.123605
11.6279	-1.41019	-0.0218083	0.353686	0.0311906	0.121504
11.7647	-1.45499	0.00537437	0.357823	0.0308689	0.12165
11.9048	-1.46229	-0.0255469	0.357261	0.0298629	0.11982
12.0482	-1.42676	-0.0069973	0.353486	0.0289145	0.117341
12.1951	-1.25447	-0.0259702	0.337464	0.0274191	0.110467
12.3457	-1.26978	0.00265356	0.340491	0.027182	0.110317
12.5	-1.28127	0.00433346	0.342293	0.0267258	0.109528
12.6582	-1.19987	-0.0299483	0.337181	0.0262403	0.106266
12.8205	-1.25476	-0.0124243	0.339472	0.0251652	0.105867
12.987	-1.13358	-0.0254527	0.325888	0.0234804	0.100174
13.1579	-1.36341	-0.0406015	0.357143	0.0257586	0.10807
13.3333	-1.18736	0.00992675	0.340835	0.0247329	0.102221
13.5135	-1.03529	-0.0284314	0.320098	0.0222405	0.0945098
13.6986	-1.18128	0.00584121	0.3344	0.0222233	0.0976347
13.8889	-1.20293	-0.000276634	0.336494	0.0216816	0.0969103
14.0845	-1.15872	-0.00607112	0.332611	0.0209028	0.0944509
14.2857	-1.14286	-0.00308008	0.331842	0.020547	0.0929132
14.4928	-1.13969	-0.00474872	0.329094	0.0194758	0.0908237
14.7059	-1.0345	0.00767564	0.32179	0.0188322	0.0875108
14.9254	-1.07462	-0.00589291	0.325574	0.0184427	0.0872444
15.1515	-1.02406	0.0156955	0.324953	0.0183912	0.0857226
15.3846	-1.07311	0.0142983	0.328641	0.0179357	0.0853935
15.625	-1.05753	-0.0023883	0.323829	0.0167948	0.0828987
15.873	-1.01901	-0.00853873	0.321875	0.0163606	0.0810941
16.129	-1.0448	0.0135025	0.324354	0.016049	0.0803946
16.3934	-0.946481	-0.00656734	0.314938	0.0152207	0.0768344
16.6667	-1.26916	0.00713012	0.350267	0.0163129	0.084052
16.9492	-0.750499	-0.0648703	0.306886	0.0149624	0.071432
17.2414	-0.852318	0.0176896	0.307223	0.013606	0.0712032
17.5439	-0.917204	0.00513884	0.313485	0.0132543	0.0714687
17.8571	-0.904545	-0.00742593	0.310004	0.0124989	0.0694287
18.1818	-0.801106	-0.013727	0.30076	0.011856	0.0661258
18.5185	-0.913012	0.00581879	0.312674	0.011885	0.0675303
18.8679	-0.96732	0.000816993	0.310866	0.0109461	0.0659035
19.2308	-0.864575	-0.00879878	0.305471	0.0107245	0.0635218
19.6078	-0.803828	0.00797448	0.305423	0.0106974	0.0622932
20	-0.796205	-0.0126186	0.302657	0.0100364	0.0604995
20.4082	-0.874751	0.0159046	0.312127	0.0100039	0.0611274
20.8333	-0.319361	-0.0129741	0.25998	0.00847663	0.0498838
21.2766	-0.689191	-0.0316669	0.2951	0.00880172	0.0552903
21.7391	-0.806202	-0.00359149	0.305295	0.00862521	0.0561719
22.2222	-0.731944	-0.00744964	0.298019	0.00811226	0.0536333
22.7273	-0.696973	0.0078929	0.297932	0.00792901	0.052425
23.2558	-0.856448	-0.0374088	0.310979	0.00768677	0.0532477
23.8095	-0.878244	0.00598802	0.316367	0.00749046	0.0531437
24.3902	-0.62706	0.000815591	0.289857	0.00663495	0.0475364
25	-0.648207	0.0012483	0.296017	0.00660088	0.0473624
25.641	-0.609105	0.00784929	0.292975	0.00622945	0.0456945
26.3158	-0.652928	0.000317749	0.295665	0.00594774	0.0449411
27.027	-0.578682	0.00122659	0.287085	0.00544914	0.0424883
27.7778	-0.558027	0.00116833	0.28466	0.00513201	0.0409909
28.5714	-0.545387	-0.0132412	0.28519	0.00490558	0.0399021
29.4118	-0.526955	-0.00910574	0.284475	0.00463718	0.0386773
30.303	-0.547422	-0.00246434	0.286144	0.00437404	0.0377702
31.25	-0.670659	0.0179641	0.290419	0.00393998	0.0371323
32.2581	-0.491651	-0.00369559	0.279531	0.00376593	0.0346601
33.3333	-0.147601	-0.0359779	0.256919	0.00344897	0.0306749
34.4828	-0.4272	-0.01185	0.276125	0.00332294	0.0320142
35.7143	-0.485528	-0.0177404	0.29085	0.00336211	0.0325399
37.037	-0.547879	0.0118182	0.285606	0.0028931	0.0308304
38.4615	-0.383234	0.0389222	0.278942	0.0028249	0.0288524
40	-0.407703	-0.0275238	0.274606	0.00247549	0.0273849
41.6667	-0.41573	0.00934529	0.279251	0.00235379	0.0267997
43.4783	-0.431138	0.0129741	0.275948	0.00208719	0.0253717
45.4545	1.77281e-18	0.010978	0.23503	0.00166937	0.020672
47.619	-0.0159681	0.0229541	0.23503	0.00150694	0.0196983
50	-0.159681	0.0199601	0.243513	0.00135154	0.0194492
52.6316	-0.223553	0.0249501	0.258982	0.00137896	0.0196353
55.5556	-0.27236	0.0250048	0.265339	0.00127728	0.0190594
58.8235	-0.274016	-0.00434392	0.270596	0.00118451	0.0183993
62.5	-0.479042	0.0588822	0.292914	0.0011299	0.0185246
66.6667	-0.558882	-0.0538922	0.292415	0.00095249	0.0173706
71.4286	-0.200978	-0.00347019	0.265029	0.000801487	0.014841
76.9231	-0.218696	-0.00286752	0.263812	0.000672558	0.0137178
83.3333	-0.227389	0.00691953	0.26342	0.000571857	0.0126418
90.9091	-0.367265	-0.0768463	0.273952	0.000486682	0.0117941
