1/beta	E	M	C	X
1	-1796.5	0.998979	0.997961	0.0338068	0.00237981
1.001	-1797.34	0.999247	0.998497	0.024978	0.00167477
1.002	-1797.98	0.999438	0.998877	0.017254	0.00109226
1.00301	-1797.54	0.9993	0.998602	0.0234981	0.00159419
1.00402	-1800	1	1	0	0
1.00503	-1796.9	0.999116	0.998235	0.0287092	0.00199913
1.00604	-1797.26	0.999227	0.998457	0.0245118	0.00161351
1.00705	-1797.32	0.999233	0.998468	0.0259169	0.00184108
1.00806	-1798.38	0.999546	0.999093	0.0151054	0.000973015
1.00908	-1796.71	0.999036	0.998075	0.0265057	0.00201068
1.0101	-1797.42	0.999255	0.998513	0.0235169	0.00168735
1.01112	-1797.16	0.999195	0.998392	0.0259241	0.00175953
1.01215	-1798.38	0.999548	0.999097	0.0160491	0.00102784
1.01317	-1797.15	0.999185	0.998374	0.0304414	0.00210114
1.0142	-1797.42	0.999268	0.998537	0.0215769	0.00148378
1.01523	-1796.32	0.998928	0.997861	0.0305132	0.00224433
1.01626	-1796.63	0.999046	0.998094	0.0274907	0.00187091
1.01729	-1797.73	0.999354	0.998711	0.0192568	0.00132319
1.01833	-1796.85	0.999091	0.998185	0.0277403	0.00206257
1.01937	-1796.86	0.999082	0.998169	0.031729	0.00251983
1.02041	-1797.37	0.99925	0.998503	0.027129	0.00190788
1.02145	-1797.21	0.999208	0.998418	0.0277031	0.00188765
1.02249	-1797.8	0.999385	0.998772	0.0169575	0.00110823
1.02354	-1797.51	0.9993	0.998603	0.018668	0.00124035
1.02459	-1796.91	0.999092	0.998187	0.0296321	0.00239289
1.02564	-1796.95	0.999147	0.998296	0.0246878	0.00162558
1.02669	-1797.72	0.999366	0.998735	0.0226172	0.00145131
1.02775	-1796.77	0.999085	0.998174	0.0275691	0.00189959
1.02881	-1797.11	0.999183	0.99837	0.0274018	0.00184418
1.02987	-1796.47	0.998992	0.997987	0.0271092	0.00192441
1.03093	-1796.35	0.998959	0.997921	0.0301531	0.00212586
1.03199	-1795.73	0.998813	0.99763	0.0414318	0.00267646
1.03306	-1796.34	0.998958	0.99792	0.0287266	0.0020318
1.03413	-1796.04	0.998881	0.997767	0.0378194	0.00255078
1.0352	-1797.64	0.999344	0.99869	0.0213172	0.00137922
1.03627	-1795.92	0.998829	0.997662	0.0272095	0.00196935
1.03734	-1797.02	0.999153	0.998308	0.0268941	0.00185784
1.03842	-1796.19	0.998912	0.997828	0.0343376	0.00243015
1.0395	-1796.16	0.998901	0.997807	0.0336977	0.00241042
1.04058	-1796.93	0.999129	0.998261	0.0254514	0.00179595
1.04167	-1796.84	0.999108	0.998219	0.0266417	0.00181469
1.04275	-1796.33	0.998953	0.997909	0.029921	0.00213613
1.04384	-1796.45	0.998997	0.997997	0.0295707	0.00203783
1.04493	-1796.51	0.998999	0.998002	0.030321	0.0022283
1.04603	-1795.1	0.998598	0.997202	0.0410085	0.00289395
1.04712	-1795.87	0.998836	0.997676	0.0346021	0.00240318
1.04822	-1795.33	0.99867	0.997344	0.0352996	0.00256156
1.04932	-1796.75	0.999053	0.998109	0.0280617	0.00216524
1.05042	-1797.37	0.999264	0.998531	0.024581	0.00165639
1.05152	-1797.06	0.999169	0.99834	0.0181514	0.00126818
1.05263	-1795.81	0.998789	0.997582	0.0340901	0.00274244
1.05374	-1795.9	0.998829	0.997661	0.0299497	0.00214237
1.05485	-1799.3	0.999807	0.999614	0.00507579	0.000334638
1.05597	-1796.28	0.998941	0.997886	0.0332606	0.002351
1.05708	-1795.79	0.998809	0.997622	0.0346314	0.00247071
1.0582	-1796.2	0.998929	0.997861	0.027364	0.00188543
1.05932	-1795.49	0.998709	0.997423	0.0330039	0.00242874
1.06045	-1796.19	0.998914	0.997831	0.0282351	0.00202833
1.06157	-1795.96	0.998852	0.997709	0.0318784	0.00229772
1.0627	-1795.68	0.998748	0.997502	0.0388923	0.00295899
1.06383	-1797.17	0.999205	0.998412	0.0217728	0.00152218
1.06496	-1795.78	0.998795	0.997594	0.03458	0.0025418
1.0661	-1795.97	0.998849	0.997702	0.0327287	0.00243577
1.06724	-1795.74	0.998792	0.997588	0.0292055	0.00211039
1.06838	-1795.78	0.998781	0.997567	0.0354535	0.00271967
1.06952	-1795.21	0.998633	0.99727	0.0399482	0.00296095
1.07066	-1796.06	0.998856	0.997716	0.032498	0.00250272
1.07181	-1795.76	0.998801	0.997607	0.0341772	0.00241948
1.07296	-1795.7	0.998778	0.99756	0.0350352	0.00253459
1.07411	-1795.79	0.998815	0.997633	0.0318324	0.00226073
1.07527	-1795.63	0.998746	0.997497	0.0347761	0.00262069
1.07643	-1794.68	0.998497	0.997001	0.0422132	0.00303853
1.07759	-1796.48	0.999011	0.998026	0.0299046	0.00208595
1.07875	-1796.31	0.998936	0.997876	0.0270601	0.00209057
1.07991	-1795.34	0.998677	0.99736	0.0501013	0.0035781
1.08108	-1795.1	0.998614	0.997233	0.0370439	0.0026738
1.08225	-1794.78	0.998512	0.997031	0.0422618	0.00314217
1.08342	-1795.15	0.998608	0.99722	0.0387198	0.00294174
1.0846	-1794.36	0.998384	0.996774	0.03232	0.00244556
1.08578	-1796.19	0.998932	0.997867	0.0297834	0.00210634
1.08696	-1794.94	0.998555	0.997115	0.0378476	0.00282594
1.08814	-1794.58	0.998457	0.996919	0.0397563	0.00294062
1.08932	-1794.98	0.998499	0.997004	0.0424948	0.00387899
1.09051	-1795.24	0.99865	0.997305	0.0399586	0.0029133
1.0917	-1794.32	0.998373	0.996754	0.0440083	0.00329388
1.0929	-1794.58	0.998461	0.996927	0.0340589	0.00252946
1.09409	-1795.09	0.99858	0.997167	0.0371492	0.00292321
1.09529	-1794.35	0.998388	0.996782	0.0430104	0.00321835
1.09649	-1794.43	0.998408	0.996824	0.046232	0.00353343
1.09769	-1794.64	0.998469	0.996944	0.0375714	0.0028499
1.0989	-1794.09	0.998314	0.996635	0.0450315	0.0034225
1.10011	-1794.69	0.998483	0.996973	0.0423183	0.00319962
1.10132	-1794.25	0.998339	0.996685	0.041731	0.00331966
1.10254	-1794.65	0.998483	0.996971	0.0416152	0.00312131
1.10375	-1794.3	0.998349	0.996706	0.0461268	0.00361893
1.10497	-1794.55	0.998434	0.996875	0.0385937	0.00300616
1.10619	-1794.12	0.998304	0.996616	0.0452117	0.00377997
1.10742	-1794.45	0.998409	0.996824	0.0438485	0.00343261
1.10865	-1794.19	0.99836	0.996727	0.0459469	0.00332303
1.10988	-1793.88	0.998237	0.996482	0.0475921	0.00373984
1.11111	-1794.31	0.998378	0.996762	0.0423627	0.00322648
1.11235	-1793.65	0.998183	0.996375	0.044915	0.0035421
1.11359	-1793.96	0.998259	0.996524	0.0429369	0.00339136
1.11483	-1794.22	0.998377	0.996761	0.0375387	0.00272813
1.11607	-1794.83	0.99854	0.997086	0.0438054	0.00320804
1.11732	-1793.99	0.998294	0.996594	0.0454632	0.00342826
1.11857	-1793.24	0.998055	0.996119	0.0550377	0.0043009
1.11982	-1794.48	0.998435	0.996875	0.0394697	0.00293955
1.12108	-1793.36	0.998097	0.996203	0.049466	0.00382873
1.12233	-1793.14	0.998049	0.996107	0.0452857	0.00344302
1.1236	-1793.81	0.998196	0.996401	0.0446731	0.00370724
1.12486	-1795.07	0.998603	0.997209	0.0229274	0.00172635
1.12613	-1794.02	0.998272	0.99655	0.0399421	0.00318517
1.1274	-1793.07	0.997998	0.996006	0.0494669	0.00404565
1.12867	-1793.48	0.998136	0.996279	0.0452138	0.00351024
1.12994	-1794.26	0.998348	0.996704	0.045616	0.00362413
1.13122	-1794.6	0.998454	0.996915	0.0352927	0.00276941
1.1325	-1793.35	0.99809	0.996189	0.0465694	0.00379434
1.13379	-1792.76	0.997913	0.995836	0.0551542	0.00442199
1.13507	-1793.59	0.998164	0.996335	0.0450404	0.0035474
1.13636	-1792.82	0.997971	0.995951	0.0511964	0.00387862
1.13766	-1792.84	0.997948	0.995906	0.0468554	0.00369515
1.13895	-1792.97	0.997993	0.995996	0.050787	0.00402055
1.14025	-1792.45	0.997824	0.995658	0.0485793	0.00402144
1.14155	-1793.21	0.998046	0.9961	0.048814	0.00389524
1.14286	-1794.5	0.998437	0.99688	0.0372921	0.00286124
1.14416	-1792.62	0.997876	0.995763	0.0535807	0.00436892
1.14548	-1792.01	0.997669	0.99535	0.0637333	0.00548022
1.14679	-1792.81	0.997944	0.995897	0.0497581	0.00396153
1.14811	-1792.41	0.997831	0.995672	0.0520834	0.00410955
1.14943	-1791.95	0.997649	0.995309	0.0575389	0.0050289
1.15075	-1792.81	0.997917	0.995844	0.0516779	0.00426546
1.15207	-1792.09	0.997716	0.995443	0.0565072	0.00468648
1.1534	-1791.99	0.997692	0.995395	0.0562872	0.00463131
1.15473	-1791.95	0.997674	0.995361	0.0597055	0.00492402
1.15607	-1792.92	0.997978	0.995965	0.0527956	0.00418012
1.15741	-1791.6	0.997554	0.995121	0.0613583	0.00520322
1.15875	-1791.92	0.997674	0.995358	0.0508727	0.00422535
1.16009	-1792	0.997697	0.995404	0.0539168	0.00447778
1.16144	-1792	0.997724	0.995459	0.0571609	0.00451922
1.16279	-1791.57	0.997569	0.99515	0.0578476	0.00485764
1.16414	-1791.78	0.997632	0.995276	0.0583713	0.00483887
1.1655	-1792.12	0.997742	0.995494	0.0530897	0.00434713
1.16686	-1790.08	0.997155	0.994324	0.0675281	0.00553266
1.16822	-1791.35	0.997494	0.995	0.0595565	0.00501732
1.16959	-1791.97	0.997688	0.995387	0.0491893	0.00405055
1.17096	-1790.6	0.997287	0.994589	0.0609505	0.00506388
1.17233	-1791.44	0.997526	0.995064	0.0605568	0.00508157
1.17371	-1791.74	0.997626	0.995264	0.052603	0.00438456
1.17509	-1790.86	0.99735	0.994715	0.0622275	0.00536122
1.17647	-1790.74	0.997324	0.994663	0.0626868	0.0053421
1.17786	-1791.01	0.997409	0.994831	0.0615347	0.0051436
1.17925	-1791.06	0.997431	0.994875	0.0588882	0.00485848
1.18064	-1790.84	0.997365	0.994743	0.0593282	0.00493708
1.18203	-1792.26	0.997788	0.995586	0.045095	0.00359496
1.18343	-1790.71	0.997306	0.994627	0.0618764	0.00536958
1.18483	-1790.65	0.997292	0.994599	0.0630475	0.0053305
1.18624	-1790.27	0.997189	0.994393	0.0696224	0.00591125
1.18765	-1790.07	0.997133	0.994283	0.0739287	0.00634154
1.18906	-1787.89	0.996272	0.992569	0.0751293	0.00837191
1.19048	-1789.06	0.996962	0.99394	0.0716288	0.00532953
1.1919	-1790.24	0.997175	0.994364	0.0625458	0.00538049
1.19332	-1790.21	0.997174	0.994363	0.0626458	0.00533081
1.19474	-1790.61	0.997294	0.994601	0.0617267	0.00523006
1.19617	-1789.97	0.997085	0.994185	0.0673031	0.00585316
1.1976	-1790.02	0.997107	0.994229	0.0638392	0.00563032
1.19904	-1790.51	0.997274	0.99456	0.0524028	0.00448388
1.20048	-1790.63	0.997313	0.994639	0.0562821	0.00467069
1.20192	-1790.08	0.997138	0.994292	0.0617721	0.00529559
1.20337	-1789.46	0.996987	0.99399	0.0563037	0.00472332
1.20482	-1790.24	0.997171	0.994357	0.0650753	0.00579896
1.20627	-1787.48	0.996422	0.992867	0.0897339	0.00749088
1.20773	-1789.63	0.997002	0.994021	0.0647626	0.00560348
1.20919	-1790.17	0.997189	0.994393	0.0611633	0.00501814
1.21065	-1789.35	0.996895	0.993807	0.0691367	0.00631192
1.21212	-1788.5	0.996658	0.993336	0.07164	0.00636496
1.21359	-1789.64	0.996985	0.99399	0.0875099	0.00787051
1.21507	-1788.82	0.996742	0.993504	0.073913	0.00670346
1.21655	-1788.27	0.996539	0.993099	0.0717415	0.00668882
1.21803	-1786.39	0.99591	0.991849	0.0899761	0.00971203
1.21951	-1788.48	0.996657	0.993333	0.0715597	0.00643819
1.221	-1789.1	0.996858	0.993734	0.0655344	0.00576441
1.22249	-1788.76	0.99674	0.993499	0.071702	0.00640514
1.22399	-1788.53	0.996675	0.99337	0.0711954	0.00630861
1.22549	-1787.59	0.996385	0.992791	0.0726478	0.00674594
1.22699	-1787.31	0.996314	0.992652	0.0815597	0.00726827
1.2285	-1787.57	0.996376	0.992775	0.0724389	0.00660132
1.23001	-1788.11	0.99655	0.993122	0.0754251	0.0067672
1.23153	-1788.42	0.996648	0.993316	0.0696735	0.00621284
1.23305	-1787.21	0.996276	0.992575	0.0782087	0.00712704
1.23457	-1787.44	0.996368	0.992758	0.0675094	0.00610966
1.23609	-1787.5	0.996391	0.992804	0.07828	0.00696633
1.23762	-1787.36	0.996304	0.992631	0.0804292	0.00755268
1.23916	-1786.93	0.996198	0.99242	0.0805721	0.00735446
1.24069	-1788.62	0.996706	0.993431	0.0650391	0.00583114
1.24224	-1786.64	0.996106	0.992239	0.0859841	0.00799129
1.24378	-1787.02	0.996225	0.992475	0.0813047	0.00743978
1.24533	-1787.41	0.996364	0.992749	0.0699469	0.00629626
1.24688	-1785.92	0.99587	0.991769	0.0860366	0.00838294
1.24844	-1786.37	0.996011	0.992048	0.0817747	0.00766485
1.25	-1787.26	0.996289	0.992601	0.0815677	0.00742499
1.25156	-1786.83	0.99616	0.992346	0.0870241	0.00827067
1.25313	-1785.6	0.995812	0.991653	0.0877749	0.00806398
1.25471	-1787.29	0.996271	0.992566	0.0712574	0.00688339
1.25628	-1784.46	0.995487	0.991002	0.0665695	0.00587265
1.25786	-1784.56	0.995531	0.991094	0.0905326	0.00831116
1.25945	-1786.5	0.996083	0.992192	0.0810573	0.00744363
1.26103	-1784.76	0.995518	0.991069	0.0932199	0.00893866
1.26263	-1785.77	0.995833	0.991695	0.0874905	0.0084341
1.26422	-1787.35	0.996311	0.992646	0.0660555	0.00661917
1.26582	-1783.95	0.995366	0.990764	0.0908771	0.00819713
1.26743	-1784.94	0.995589	0.99121	0.0910995	0.00872502
1.26904	-1785.22	0.995688	0.991406	0.0842854	0.00803813
1.27065	-1784.79	0.99556	0.991152	0.0887533	0.00840595
1.27226	-1784	0.995315	0.990664	0.0880989	0.00851517
1.27389	-1784.7	0.995527	0.991085	0.0864953	0.00825403
1.27551	-1784.01	0.995192	0.990424	0.102397	0.011647
1.27714	-1783.08	0.995043	0.99012	0.0780724	0.00749811
1.27877	-1782.42	0.994815	0.989672	0.105283	0.0102768
1.28041	-1783.77	0.995248	0.990532	0.0957458	0.00927394
1.28205	-1783.14	0.995035	0.990109	0.100474	0.00996181
1.2837	-1783.38	0.99513	0.990297	0.0960261	0.00931815
1.28535	-1783.94	0.995205	0.990448	0.0963914	0.0112857
1.287	-1782.65	0.99488	0.9898	0.0982903	0.0100917
1.28866	-1783.33	0.99509	0.990219	0.096612	0.00966343
1.29032	-1783.34	0.99512	0.990278	0.0983307	0.00961318
1.29199	-1783.44	0.995156	0.990349	0.0988483	0.00957063
1.29366	-1782.52	0.994835	0.989711	0.0965379	0.00966465
1.29534	-1783.47	0.995147	0.99033	0.0933785	0.0091604
1.29702	-1782.56	0.994893	0.989826	0.0980988	0.0096618
1.2987	-1782.68	0.994899	0.989837	0.0966002	0.00975098
1.30039	-1782.41	0.994845	0.989731	0.102282	0.0101865
1.30208	-1781.93	0.994706	0.989455	0.09725	0.0095154
1.30378	-1781.82	0.994627	0.989297	0.101443	0.0105182
1.30548	-1781.39	0.994504	0.989053	0.105073	0.0107676
1.30719	-1781.43	0.99454	0.989124	0.0958488	0.00962489
1.3089	-1781.84	0.994708	0.989458	0.0942077	0.00932862
1.31062	-1780.9	0.994332	0.988712	0.107719	0.0115177
1.31234	-1780.41	0.994221	0.988492	0.112573	0.011626
1.31406	-1780.19	0.994137	0.988325	0.110044	0.0113245
1.31579	-1779.35	0.993937	0.987929	0.125668	0.0127081
1.31752	-1778.35	0.993521	0.987103	0.124248	0.0132371
1.31926	-1781.41	0.994565	0.989174	0.0997103	0.00984857
1.321	-1779.68	0.994008	0.988068	0.11152	0.0114196
1.32275	-1780.46	0.99425	0.988549	0.107899	0.011098
1.3245	-1778.94	0.993778	0.987614	0.120298	0.012183
1.32626	-1779.06	0.993801	0.987658	0.120194	0.0126093
1.32802	-1779.96	0.994088	0.988227	0.103033	0.0106217
1.32979	-1779.64	0.994015	0.988083	0.109515	0.0111746
1.33156	-1780.15	0.994118	0.988284	0.0875971	0.00945063
1.33333	-1779.07	0.993835	0.987725	0.111056	0.0114284
1.33511	-1779.9	0.994071	0.988193	0.110589	0.0113647
1.3369	-1778.41	0.993634	0.987328	0.121638	0.0131341
1.33869	-1778.43	0.993626	0.987311	0.113009	0.0120796
1.34048	-1777.9	0.993446	0.986955	0.125884	0.0135329
1.34228	-1778.25	0.993554	0.987167	0.11165	0.0118319
1.34409	-1778.37	0.993592	0.987243	0.114961	0.0121748
1.3459	-1778.85	0.99374	0.987533	0.0891077	0.00957701
1.34771	-1780.66	0.994349	0.988747	0.110019	0.0109221
1.34953	-1777.02	0.993161	0.98639	0.125581	0.0136562
1.35135	-1780	0.994113	0.988274	0.0912035	0.00917335
1.35318	-1776.29	0.992959	0.985987	0.114608	0.0122487
1.35501	-1775.99	0.99285	0.985772	0.12128	0.013199
1.35685	-1774.21	0.992414	0.984905	0.12774	0.0130222
1.3587	-1775.51	0.992733	0.98554	0.128475	0.0138554
1.36054	-1776.53	0.99302	0.986109	0.120869	0.0134077
1.3624	-1766.44	0.990153	0.980415	0.0859024	0.00794575
1.36426	-1775.54	0.992728	0.985531	0.130721	0.0146677
1.36612	-1776.56	0.993179	0.986421	0.106746	0.0106992
1.36799	-1775.34	0.992657	0.985389	0.12769	0.0143043
1.36986	-1775.84	0.99282	0.985713	0.126071	0.0136163
1.37174	-1774.64	0.992448	0.984977	0.133742	0.0148853
1.37363	-1774.56	0.992435	0.984948	0.128077	0.0142542
1.37552	-1775.34	0.992652	0.98538	0.113778	0.0138898
1.37741	-1774.77	0.992518	0.985119	0.164727	0.0183786
1.37931	-1774.22	0.992234	0.98455	0.11969	0.0141638
1.38122	-1773.78	0.992184	0.984451	0.127101	0.014387
1.38313	-1774.16	0.992318	0.984718	0.131886	0.0144979
1.38504	-1773.25	0.992008	0.984104	0.136868	0.0155931
1.38696	-1773.65	0.992153	0.984391	0.133781	0.0151256
1.38889	-1774.6	0.99245	0.984976	0.108712	0.0117658
1.39082	-1773.08	0.991944	0.983977	0.137047	0.0158808
1.39276	-1774.06	0.992266	0.984611	0.115307	0.0128833
1.3947	-1771.92	0.991557	0.983211	0.140107	0.016315
1.39665	-1771.67	0.991662	0.983411	0.107522	0.0112516
1.3986	-1769.95	0.990983	0.982073	0.150652	0.0172659
1.40056	-1769.97	0.990979	0.982065	0.145215	0.0169513
1.40252	-1771.29	0.991394	0.982887	0.134506	0.0157634
1.40449	-1771.41	0.99145	0.982999	0.142075	0.0163002
1.40647	-1770.39	0.991128	0.982363	0.158425	0.0183848
1.40845	-1770.26	0.991064	0.982234	0.143274	0.0166851
1.41044	-1770.28	0.991122	0.982348	0.144298	0.0163857
1.41243	-1769.44	0.990815	0.981748	0.182386	0.0213113
1.41443	-1769	0.990689	0.981495	0.15596	0.0185313
1.41643	-1768.39	0.990388	0.980901	0.158971	0.0201214
1.41844	-1768.47	0.990444	0.981012	0.158873	0.0210183
1.42045	-1768.37	0.990463	0.981046	0.151175	0.0179959
1.42248	-1769.45	0.990768	0.981649	0.140391	0.0174894
1.4245	-1767.08	0.990145	0.980417	0.16135	0.0186329
1.42653	-1767.35	0.990092	0.980311	0.140541	0.0175216
1.42857	-1767.58	0.990176	0.98048	0.162665	0.0201499
1.43062	-1767.1	0.990042	0.980215	0.158843	0.0198828
1.43266	-1766.5	0.989627	0.979401	0.157563	0.0253706
1.43472	-1764.97	0.989421	0.978987	0.167542	0.020697
1.43678	-1765.58	0.989565	0.979273	0.166018	0.0209602
1.43885	-1765.44	0.989542	0.979227	0.164919	0.020645
1.44092	-1765.49	0.989625	0.97939	0.164393	0.0202218
1.443	-1762.8	0.988636	0.97744	0.187544	0.02414
1.44509	-1764.76	0.989281	0.978713	0.175987	0.022229
1.44718	-1763.77	0.988983	0.978121	0.166067	0.0205241
1.44928	-1765.55	0.989601	0.979344	0.168549	0.021357
1.45138	-1764.56	0.989361	0.978866	0.163143	0.0193235
1.45349	-1763.12	0.988799	0.977761	0.181427	0.0229723
1.4556	-1763.48	0.988981	0.978119	0.175291	0.0215793
1.45773	-1764.13	0.989127	0.978406	0.163226	0.0211476
1.45985	-1762.47	0.988558	0.977283	0.17074	0.0225313
1.46199	-1762.42	0.98857	0.977307	0.172813	0.0224783
1.46413	-1763.44	0.988766	0.977693	0.160427	0.0211567
1.46628	-1761.52	0.988338	0.976849	0.172538	0.0221429
1.46843	-1759.21	0.987453	0.9751	0.175117	0.0226048
1.47059	-1760.39	0.987902	0.975993	0.192145	0.0257777
1.47275	-1759.76	0.98779	0.975767	0.178008	0.0227031
1.47493	-1760.5	0.987998	0.976178	0.184635	0.0235575
1.4771	-1758.5	0.987281	0.974765	0.190281	0.0250822
1.47929	-1758.7	0.987489	0.975173	0.184303	0.0233985
1.48148	-1759.34	0.987593	0.975381	0.185021	0.0244065
1.48368	-1759.13	0.987513	0.975224	0.191282	0.0260251
1.48588	-1758.51	0.987334	0.97487	0.201227	0.0258973
1.4881	-1762.08	0.988374	0.976904	0.115908	0.0130465
1.49031	-1757.74	0.987057	0.974323	0.183928	0.0245972
1.49254	-1757.45	0.987011	0.974234	0.195551	0.0259626
1.49477	-1758.54	0.987382	0.974959	0.160996	0.021621
1.49701	-1757.53	0.987002	0.974218	0.191974	0.0266753
1.49925	-1756.52	0.98663	0.973484	0.197521	0.027194
1.5015	-1756.03	0.986516	0.97326	0.203178	0.0276538
1.50376	-1754.83	0.98614	0.972523	0.216855	0.0303928
1.50602	-1755.6	0.986348	0.972925	0.182194	0.0253726
1.5083	-1754.84	0.986202	0.972633	0.173451	0.0235386
1.51057	-1753.42	0.985582	0.971421	0.206677	0.0290703
1.51286	-1752.86	0.985477	0.971214	0.204362	0.0293842
1.51515	-1753.28	0.985643	0.971543	0.216913	0.030018
1.51745	-1754.47	0.98606	0.972359	0.197202	0.0266777
1.51976	-1752.78	0.985288	0.970845	0.209884	0.0313843
1.52207	-1752.7	0.985518	0.971291	0.199867	0.0267253
1.52439	-1751.33	0.984877	0.970037	0.220675	0.0321173
1.52672	-1749.75	0.984436	0.969171	0.237842	0.0332347
1.52905	-1750.34	0.984628	0.969547	0.219215	0.0317339
1.53139	-1749.98	0.984464	0.969217	0.192365	0.0276595
1.53374	-1749.01	0.984208	0.968722	0.22527	0.0329618
1.5361	-1749.58	0.98438	0.96906	0.226519	0.0324203
1.53846	-1749.41	0.984319	0.968938	0.21222	0.0315149
1.54083	-1745.81	0.983139	0.966621	0.237282	0.0341226
1.54321	-1749.33	0.984108	0.968517	0.178243	0.0279903
1.5456	-1747.56	0.983701	0.967719	0.208178	0.03033
1.54799	-1747.09	0.983595	0.967518	0.230053	0.0339913
1.55039	-1748.06	0.983947	0.968204	0.20536	0.0306342
1.5528	-1746.49	0.983468	0.967265	0.221134	0.0317077
1.55521	-1743.08	0.982174	0.964726	0.228677	0.035118
1.55763	-1744.94	0.982848	0.966052	0.233388	0.0353701
1.56006	-1745.06	0.982881	0.966117	0.235425	0.0355157
1.5625	-1744.01	0.982539	0.965444	0.232196	0.0349613
1.56495	-1742.81	0.982217	0.964814	0.254637	0.0372288
1.5674	-1744.31	0.982602	0.965561	0.207622	0.0315201
1.56986	-1743.1	0.982339	0.965048	0.22492	0.0337457
1.57233	-1741.54	0.981683	0.963768	0.244311	0.0378985
1.5748	-1740.72	0.981378	0.963168	0.239089	0.0378735
1.57729	-1741.37	0.981644	0.963698	0.258953	0.0409801
1.57978	-1740.87	0.981524	0.963456	0.242384	0.0380195
1.58228	-1742.03	0.981857	0.964104	0.232948	0.0346237
1.58479	-1738.66	0.980741	0.961925	0.256836	0.040796
1.5873	-1738.21	0.98053	0.961511	0.25468	0.0411506
1.58983	-1737.4	0.980369	0.961197	0.259465	0.0409475
1.59236	-1737.64	0.980448	0.961347	0.249118	0.0386081
1.5949	-1736.85	0.98009	0.960652	0.254517	0.042406
1.59744	-1735.43	0.97962	0.959732	0.264486	0.0429424
1.6	-1735.32	0.979617	0.95972	0.250733	0.0399478
1.60256	-1733.73	0.979016	0.95855	0.26004	0.0434276
1.60514	-1735.55	0.979707	0.959906	0.274096	0.0445602
1.60772	-1733.92	0.979146	0.958808	0.274455	0.0452229
1.61031	-1731.73	0.978299	0.957147	0.252143	0.0430447
1.6129	-1731.63	0.978246	0.957044	0.259522	0.0433254
1.61551	-1733.01	0.978974	0.958467	0.267933	0.0424589
1.61812	-1730.75	0.978047	0.956655	0.263948	0.044166
1.62075	-1730.63	0.977921	0.956416	0.275529	0.0482363
1.62338	-1729.26	0.977404	0.955405	0.276058	0.0480026
1.62602	-1728.93	0.977335	0.955274	0.288244	0.0495486
1.62866	-1728.59	0.977253	0.955115	0.291441	0.0501677
1.63132	-1726.64	0.976471	0.953585	0.281869	0.0497226
1.63399	-1728.25	0.977269	0.955141	0.287677	0.0478426
1.63666	-1729.66	0.97757	0.955739	0.292228	0.0533011
1.63934	-1725.44	0.976157	0.952982	0.31033	0.0547392
1.64204	-1725.3	0.976147	0.952956	0.290863	0.0517269
1.64474	-1724.66	0.975847	0.952371	0.280209	0.0509574
1.64745	-1723.88	0.975641	0.951972	0.300063	0.0527552
1.65017	-1725.73	0.976595	0.953818	0.256647	0.0437028
1.65289	-1722.38	0.975166	0.951047	0.295899	0.0533238
1.65563	-1721.95	0.974869	0.950474	0.297254	0.0570232
1.65837	-1721.02	0.974692	0.950128	0.304543	0.0556459
1.66113	-1719.76	0.974071	0.948922	0.287594	0.0578326
1.66389	-1718.75	0.97386	0.948514	0.325202	0.0594934
1.66667	-1718.4	0.97355	0.947913	0.31065	0.0613969
1.66945	-1717.58	0.973385	0.947588	0.315922	0.0592218
1.67224	-1717.8	0.973437	0.94769	0.317314	0.05927
1.67504	-1717.8	0.973573	0.947952	0.316738	0.0575761
1.67785	-1715.57	0.972688	0.946235	0.329603	0.0602805
1.68067	-1714.48	0.972336	0.945554	0.320968	0.0626736
1.6835	-1713.16	0.971775	0.944474	0.350929	0.0686454
1.68634	-1712.99	0.971493	0.943932	0.335334	0.0704503
1.68919	-1710.88	0.970756	0.942487	0.310187	0.0641263
1.69205	-1711.44	0.971197	0.943347	0.33281	0.0654755
1.69492	-1709.02	0.97035	0.94171	0.352263	0.0694516
1.69779	-1710.09	0.970816	0.942625	0.385759	0.0749126
1.70068	-1709.13	0.970383	0.941771	0.340852	0.0675592
1.70358	-1702.92	0.96813	0.937402	0.344254	0.0670529
1.70648	-1706.77	0.969449	0.939955	0.322576	0.0655163
1.7094	-1720.55	0.975385	0.951454	0.267615	0.0416185
1.71233	-1703.49	0.968102	0.937368	0.354011	0.076992
1.71527	-1704.66	0.968811	0.938729	0.363874	0.0703956
1.71821	-1698.13	0.965224	0.931855	0.366248	0.103255
1.72117	-1702.1	0.967798	0.936781	0.3698	0.077986
1.72414	-1699.33	0.966466	0.934218	0.365888	0.0844267
1.72712	-1699.12	0.966698	0.934656	0.365549	0.0783189
1.7301	-1697.81	0.965962	0.933243	0.36741	0.0838391
1.7331	-1698.12	0.967139	0.935496	0.382445	0.0718418
1.73611	-1695.43	0.965792	0.932869	0.297678	0.0601412
1.73913	-1694.5	0.964846	0.931093	0.376832	0.0854955
1.74216	-1694.42	0.965027	0.931438	0.382417	0.0833194
1.7452	-1694.77	0.965045	0.931476	0.367826	0.0842265
1.74825	-1693.16	0.964531	0.930487	0.370817	0.0857679
1.75131	-1691.01	0.963677	0.92885	0.400432	0.0902218
1.75439	-1690.08	0.963289	0.928102	0.393768	0.0907223
1.75747	-1689.58	0.963784	0.929058	0.454923	0.0907142
1.76056	-1687.42	0.962214	0.926039	0.400152	0.0932601
1.76367	-1684.49	0.961101	0.923902	0.404213	0.0954612
1.76678	-1685.58	0.961435	0.924557	0.417069	0.101747
1.76991	-1685.17	0.960996	0.923716	0.412669	0.102672
1.77305	-1684.51	0.961664	0.924985	0.446578	0.0950989
1.7762	-1682.67	0.960564	0.922868	0.401769	0.0937364
1.77936	-1680.5	0.959921	0.921629	0.412177	0.0913317
1.78253	-1680.72	0.959717	0.921264	0.427976	0.104655
1.78571	-1681.29	0.960226	0.922249	0.460883	0.108807
1.78891	-1676.71	0.958235	0.918443	0.447505	0.115357
1.79211	-1676.8	0.958408	0.918745	0.41253	0.0997189
1.79533	-1674.79	0.957405	0.916851	0.446969	0.114123
1.79856	-1674.79	0.957449	0.916927	0.429012	0.108621
1.8018	-1672.4	0.956647	0.915406	0.447006	0.115759
1.80505	-1673.13	0.957432	0.916903	0.473434	0.113539
1.80832	-1669.85	0.95553	0.913271	0.453271	0.116006
1.81159	-1668.53	0.954791	0.911867	0.444311	0.120198
1.81488	-1667.31	0.954604	0.911502	0.44703	0.115664
1.81818	-1666.41	0.953794	0.909987	0.479856	0.131064
1.82149	-1663.95	0.953015	0.908452	0.388374	0.106566
1.82482	-1662.82	0.952044	0.906685	0.481523	0.14669
1.82815	-1661.93	0.952679	0.907831	0.449554	0.115272
1.8315	-1662.19	0.952395	0.907307	0.448499	0.123076
1.83486	-1656.57	0.949551	0.901918	0.435647	0.132242
1.83824	-1658.93	0.951212	0.905066	0.458016	0.128208
1.84162	-1656.6	0.950304	0.903359	0.49393	0.137229
1.84502	-1652.64	0.948654	0.900222	0.473016	0.13493
1.84843	-1646.01	0.944274	0.892069	0.563235	0.201941
1.85185	-1651.96	0.948434	0.899826	0.477976	0.145406
1.85529	-1659.24	0.952004	0.906497	0.404986	0.0897679
1.85874	-1649.58	0.947602	0.898237	0.482018	0.139346
1.8622	-1645.94	0.945864	0.894967	0.505183	0.148975
1.86567	-1642.33	0.944053	0.89159	0.55104	0.17123
1.86916	-1644.2	0.944911	0.893191	0.51409	0.160801
1.87266	-1642.03	0.944352	0.892139	0.52153	0.162334
1.87617	-1641.17	0.94384	0.891193	0.527927	0.17215
1.8797	-1639.63	0.942937	0.889512	0.535343	0.183005
1.88324	-1637.01	0.941823	0.887427	0.536253	0.189533
1.88679	-1640.19	0.943849	0.891189	0.525513	0.161028
1.89036	-1632.27	0.939904	0.883802	0.53853	0.182449
1.89394	-1631.07	0.939567	0.88317	0.544201	0.182061
1.89753	-1633.16	0.940956	0.885723	0.514868	0.153705
1.90114	-1629.12	0.938612	0.881391	0.534824	0.188861
1.90476	-1622.35	0.935846	0.876205	0.611771	0.187787
1.9084	-1621.78	0.933812	0.872685	0.646623	0.320918
1.91205	-1623.51	0.936023	0.876632	0.571779	0.231805
1.91571	-1619.73	0.934613	0.873944	0.588193	0.207626
1.91939	-1620.72	0.935101	0.874833	0.55748	0.19612
1.92308	-1611.47	0.929887	0.865262	0.592743	0.267669
1.92678	-1616.92	0.933637	0.872094	0.563066	0.194563
1.9305	-1614.47	0.932454	0.869957	0.615963	0.226603
1.93424	-1611.64	0.930779	0.866855	0.625445	0.235161
1.93798	-1607.8	0.929136	0.863805	0.608686	0.237666
1.94175	-1605.15	0.927313	0.860455	0.594495	0.253027
1.94553	-1608.49	0.929385	0.86435	0.596964	0.274181
1.94932	-1601.96	0.926496	0.858955	0.649831	0.258805
1.95313	-1598.74	0.924338	0.855074	0.656826	0.31017
1.95695	-1606.3	0.930113	0.865482	0.513581	0.170762
1.96078	-1592.31	0.920855	0.848498	0.611078	0.240363
1.96464	-1594.18	0.922324	0.851375	0.689541	0.317259
1.9685	-1590.07	0.920738	0.848421	0.66001	0.302921
1.97239	-1587.83	0.919963	0.846979	0.668045	0.295626
1.97628	-1585.88	0.917901	0.84342	0.692991	0.399886
1.9802	-1565.74	0.909906	0.828712	0.750979	0.35551
1.98413	-1581.28	0.916357	0.840484	0.720039	0.351226
1.98807	-1579.3	0.915654	0.839184	0.701171	0.344733
1.99203	-1574.78	0.913078	0.834561	0.73777	0.383988
1.99601	-1570.19	0.908951	0.827252	0.685737	0.477981
2	-1574.2	0.913296	0.834795	0.671847	0.308664
2.00401	-1570.61	0.912367	0.833055	0.676675	0.287898
2.00803	-1561.13	0.905906	0.821527	0.699353	0.386539
2.01207	-1563.71	0.907695	0.824809	0.75765	0.401678
2.01613	-1557.37	0.903951	0.81838	0.817079	0.559231
2.0202	-1557.6	0.904406	0.81897	0.759415	0.45406
2.02429	-1554.48	0.902947	0.816266	0.780431	0.423212
2.0284	-1552.34	0.902705	0.815773	0.773061	0.397879
2.03252	-1543.28	0.895823	0.803662	0.816114	0.515544
2.03666	-1542.65	0.896085	0.80428	0.850949	0.579491
2.04082	-1541.71	0.89606	0.80401	0.818349	0.479573
2.04499	-1539.88	0.89467	0.801506	0.764857	0.471742
2.04918	-1541.27	0.894903	0.802033	0.707273	0.519101
2.05339	-1533.97	0.892732	0.79821	0.871602	0.543501
2.05761	-1532.54	0.892064	0.796948	0.828894	0.511711
2.06186	-1529.53	0.890689	0.79439	0.760687	0.464315
2.06612	-1522.7	0.885721	0.786041	0.917828	0.67005
2.07039	-1519.88	0.882795	0.781082	0.91643	0.762945
2.07469	-1516.93	0.881186	0.778164	0.898968	0.727141
2.079	-1516.23	0.883185	0.781348	0.844326	0.576837
2.08333	-1510.77	0.87919	0.774571	0.903963	0.689557
2.08768	-1508.09	0.876189	0.769914	0.923721	0.951591
2.09205	-1504.31	0.875504	0.768102	0.890364	0.686199
2.09644	-1499.35	0.872091	0.762318	0.941717	0.76213
2.10084	-1486.28	0.861003	0.743451	0.941426	0.910194
2.10526	-1488.8	0.86219	0.745765	1.01487	1.02298
2.1097	-1489.03	0.864787	0.749992	0.975463	0.911257
2.11416	-1485.03	0.863286	0.74744	0.991579	0.926956
2.11864	-1475.43	0.854152	0.73269	1.06162	1.32322
2.12314	-1488	0.865479	0.751329	1.07496	0.964583
2.12766	-1473.32	0.855855	0.734763	0.972963	0.962725
2.1322	-1466.86	0.84907	0.724832	1.12931	1.65107
2.13675	-1462.99	0.846324	0.71949	1.13437	1.35863
2.14133	-1452.2	0.836873	0.704188	1.18804	1.61009
2.14592	-1453.75	0.841087	0.71071	1.08483	1.37674
2.15054	-1446.72	0.836114	0.702398	1.13002	1.38544
2.15517	-1446.27	0.835149	0.701069	1.09337	1.50114
2.15983	-1434.38	0.818718	0.677683	1.25804	3.07672
2.1645	-1446.14	0.845571	0.716803	0.990351	0.753659
2.1692	-1428.18	0.821818	0.679791	1.21934	1.82787
2.17391	-1420.85	0.817144	0.671625	1.17556	1.61476
2.17865	-1416.27	0.806678	0.657914	1.27745	2.96792
2.18341	-1419.39	0.817852	0.673322	1.12079	1.83055
2.18818	-1409.83	0.807243	0.656693	1.24056	2.07791
2.19298	-1389.7	-0.16162	0.607388	1.74429	238.552
2.1978	-1411.22	-0.81238	0.663749	1.14372	1.55116
2.20264	-1400.86	-0.80618	0.654244	1.24012	1.76461
2.20751	-1390.06	-0.78862	0.628971	1.39904	2.87418
2.21239	-1372.73	-0.753644	0.592689	1.62696	10.0521
2.21729	-1335.92	-0.691305	0.510017	2.03449	13.0355
2.22222	-1335.1	0.657881	0.501982	2.07533	28.0161
2.22717	-1362.42	0.765871	0.594456	1.3967	3.19113
2.23214	-1371.58	0.785005	0.621682	1.65749	2.19722
2.23714	-1334.01	0.621283	0.527969	1.74372	57.1174
2.24215	-1333.97	0.546635	0.534189	1.87751	94.4812
2.24719	-1328.84	0.0691572	0.527359	1.6262	209.292
2.25225	-1316.32	-0.696335	0.50451	1.66382	7.84305
2.25734	-1308.49	-0.706292	0.516555	1.94905	7.06008
2.26244	-1310.96	-0.680369	0.504292	1.89492	16.465
2.26757	-1298.85	-0.670326	0.485871	1.67947	14.5002
2.27273	-1270.81	-0.199106	0.432273	1.8072	155.481
2.2779	-1262.8	0.21285	0.39662	2.13835	138.805
2.28311	-1276.11	0.674381	0.465802	1.27818	4.3407
2.28833	-1253.24	0.555717	0.392152	2.10399	32.774
2.29358	-1243.22	0.073548	0.370803	1.69337	143.381
2.29885	-1216.04	0.285083	0.292115	1.6922	82.5449
2.30415	-1184.77	0.189265	0.26558	1.90867	89.7436
2.30947	-1213.01	-0.530093	0.32645	1.97488	17.7124
2.31481	-1218.97	-0.0175286	0.352313	1.71012	136.86
2.32019	-1206.93	-0.125863	0.324235	1.81972	119.626
2.32558	-1199.43	-0.169597	0.311682	1.77263	109.489
2.331	-1169.48	-0.142954	0.201508	1.35414	69.9122
2.33645	-1189.33	-0.446618	0.243942	1.31525	17.1316
2.34192	-1162.98	-0.372913	0.223482	1.52449	32.4418
2.34742	-1162.95	0.078079	0.214073	1.65956	79.7383
2.35294	-1164.77	-0.396147	0.259361	1.87779	39.179
2.35849	-1139.98	-0.0740892	0.188485	1.42042	69.8314
2.36407	-1135.74	0.128384	0.203648	1.49449	71.2541
2.36967	-1138.43	-0.240784	0.210839	1.35968	58.0571
2.3753	-1095.83	0.151125	0.0322031	0.372081	3.54809
2.38095	-1099.41	-0.239297	0.124299	0.767337	25.3394
2.38663	-1074.89	-0.0663824	0.0846223	0.94543	30.2493
2.39234	-1093.35	0.0293529	0.11502	1.00189	42.9464
2.39808	-1100.33	-0.0514024	0.166704	1.42507	61.5726
2.40385	-1076.74	-0.132174	0.126373	1.24647	40.7734
2.40964	-1083.43	-0.0122357	0.136299	1.27366	50.8519
2.41546	-1057.36	0.0209006	0.0449086	1.00015	16.5702
2.42131	-1073.46	-0.0142527	0.129056	1.16058	47.8946
2.42718	-1060.52	-0.0176196	0.108565	1.13384	40.1409
2.43309	-1083.41	0.192072	0.158472	1.35757	44.9727
2.43902	-1073.29	0.173356	0.160765	1.25138	48.233
2.44499	-1044.49	-0.071986	0.105092	1.06316	36.7769
2.45098	-1041.59	-0.0239455	0.0965382	1.03915	35.2383
2.457	-1033.8	0.0343287	0.0927763	1.03612	33.5523
2.46305	-1024.16	-0.0594588	0.079408	0.99879	27.7239
2.46914	-1024.93	-0.0555192	0.0946076	1.00962	33.3609
2.47525	-1025.19	0.163252	0.0537984	1.14541	9.87067
2.48139	-1003.17	0.0377624	0.0566908	0.91233	20.0445
2.48756	-1006.13	-0.0357581	0.0720142	0.919886	25.5921
2.49377	-1000.17	-0.040476	0.0681481	0.893044	24.0034
2.5	-997.256	0.0322255	0.0684213	0.876341	24.2578
2.50627	-1002.74	0.0840305	0.0970949	0.982117	32.3311
2.51256	-987.457	-0.0128154	0.065061	0.870412	23.246
2.51889	-984.843	0.118708	0.0497435	0.893284	12.7384
2.52525	-980.07	-0.00284263	0.0612966	0.846703	21.8432
2.53165	-967.868	-0.0280815	0.0396089	0.747731	13.8006
2.53807	-971.485	-0.0230715	0.0713752	0.87355	25.1209
2.54453	-959.926	-0.0157403	0.0390448	0.7251	13.7225
2.55102	-960.85	-0.00227189	0.0533808	0.815138	18.8309
2.55754	-955.62	0.00919731	0.0484211	0.7991	17.0096
2.5641	-949.502	0.00817378	0.0499189	0.770013	17.4981
2.57069	-944.402	-0.0194719	0.0448285	0.758456	15.5617
2.57732	-941.59	0.0449783	0.045686	0.75463	15.2471
2.58398	-933.64	-0.0403913	0.0146962	0.752626	4.55043
2.59067	-934.551	-0.0518816	0.0433867	0.705381	14.1375
2.5974	-926.286	-0.0307699	0.0428878	0.71069	14.5326
2.60417	-919.583	0.0348083	0.0307316	0.744818	10.2021
2.61097	-922.13	0.00676269	0.0384163	0.677052	13.2263
2.6178	-914.082	0.00568669	0.0331429	0.681585	11.3834
2.62467	-909.672	0.000946943	0.034559	0.661162	11.85
2.63158	-901.858	-0.0590138	0.0297328	0.632705	8.97757
2.63852	-903.05	0.0209597	0.0399939	0.654985	13.4921
2.6455	-897.678	0.00194778	0.0312646	0.65413	10.6349
2.65252	-897.132	0.0229787	0.0366365	0.689949	12.2516
2.65957	-890.036	-0.0134601	0.0322487	0.607875	10.8516
2.66667	-870.544	0.0865681	0.0271713	0.573502	6.64107
2.6738	-885.03	-0.0162047	0.0323768	0.625351	10.8097
2.68097	-874.068	0.0228746	0.0232678	0.579457	7.63536
2.68817	-872.756	0.0114946	0.0282934	0.604875	9.42839
2.69542	-869.205	-0.0142671	0.0269809	0.606773	8.94094
2.7027	-866.624	0.0242811	0.0281509	0.61273	9.17791
2.71003	-863.406	-0.0365818	0.029866	0.576033	9.47406
2.71739	-860.234	-0.00423508	0.0258234	0.578784	8.54678
2.7248	-851.213	0.00637841	0.0226827	0.579732	7.47866
2.73224	-851.109	0.0176547	0.0254645	0.478344	8.28535
2.73973	-845.964	-0.0184987	0.0221361	0.567756	7.1593
2.74725	-840.366	0.0163841	0.0242465	0.542937	7.85521
2.75482	-838.037	0.00743674	0.0204471	0.548806	6.662
2.76243	-830.547	-0.0222256	0.0161552	0.546735	5.10242
2.77008	-830.958	0.00967463	0.019674	0.513994	6.36169
2.77778	-825.17	-0.0143016	0.0193534	0.534616	6.20422
2.78552	-821.103	0.0125784	0.0205639	0.525965	6.59306
2.7933	-819.561	-0.00311774	0.0205546	0.507632	6.61957
2.80112	-816.489	0.0119283	0.022664	0.505292	7.23622
2.80899	-813.363	-0.00730272	0.0208469	0.499315	6.66227
2.8169	-809.409	-0.00849684	0.0198652	0.47226	6.32387
2.82486	-808.48	-0.0184299	0.0193042	0.466551	6.04211
2.83286	-804.469	0.0135289	0.0172185	0.508085	5.41217
2.84091	-797.939	0.00663352	0.0175968	0.495976	5.56074
2.849	-801.976	-0.0121469	0.0342715	0.429184	10.7797
2.85714	-793.262	0.00733266	0.018052	0.463665	5.66944
2.86533	-789.604	0.0068585	0.0151029	0.45459	4.72903
2.87356	-785.473	-0.00112342	0.0165369	0.469822	5.17896
2.88184	-785.021	-0.0276926	0.0176559	0.476462	5.27443
2.89017	-778.676	0.00274482	0.0168645	0.4592	5.24926
2.89855	-774.033	-0.00575294	0.0135126	0.47056	4.1854
2.90698	-770.383	0.00652065	0.0159589	0.435066	4.92772
2.91545	-768.057	-0.00154154	0.0153396	0.441888	4.73461
2.92398	-732.15	0.0215576	0.00600285	0.34887	1.70463
2.93255	-761.351	-0.0210803	0.0167143	0.428671	4.99324
2.94118	-759.195	0.0208349	0.0143492	0.426099	4.25802
2.94985	-752.736	-0.00204207	0.0138627	0.413971	4.22825
2.95858	-751.822	0.00918285	0.0141337	0.43133	4.27382
2.96736	-745.601	0.0053149	0.01315	0.416088	3.97982
2.97619	-743.946	-0.00306935	0.0138329	0.414065	4.18023
2.98507	-740.969	-0.00312653	0.0134975	0.410113	4.06654
2.99401	-736.736	-0.000193633	0.0115201	0.38431	3.46294
3.003	-734.051	-0.00280706	0.0127796	0.393872	3.82767
3.01205	-729.915	-0.00116692	0.0130915	0.401106	3.91133
3.02115	-725.758	-0.00136346	0.0128927	0.399274	3.84017
3.0303	-723.274	-0.00305532	0.0120728	0.386161	3.58286
3.03951	-723.014	-0.000536843	0.0114093	0.358237	3.37821
3.04878	-719.849	0.0240992	0.00996179	0.370989	2.76928
3.0581	-715.997	-0.000668161	0.0116476	0.378062	3.42776
3.06748	-712.888	0.0063468	0.0116517	0.369566	3.40679
3.07692	-709.809	-0.00148509	0.0105449	0.373592	3.08375
3.08642	-705.721	0.0021745	0.0106781	0.37169	3.11237
3.09598	-703.196	-2.58836e-05	0.0114091	0.358027	3.31661
3.10559	-697.3	-0.000451695	0.00986832	0.35383	2.85978
3.11526	-694.082	-0.0132175	0.00956868	0.346856	2.71392
3.125	-693.673	-0.00208499	0.0109919	0.343632	3.16442
3.1348	-689.877	-0.00265713	0.0100601	0.348724	2.88624
3.14465	-687.889	0.00844846	0.010065	0.343558	2.86018
3.15457	-685.307	0.00191267	0.00997339	0.339009	2.84436
3.16456	-683.382	0.0109245	0.0103488	0.314342	2.90926
3.1746	-677.24	-0.0132257	0.0100879	0.318386	2.81032
3.18471	-675.308	-0.00651005	0.010277	0.319236	2.8923
3.19489	-670.609	-0.00346424	0.00922094	0.346954	2.59416
3.20513	-668.712	-0.00376358	0.0104443	0.317277	2.92877
3.21543	-667.382	0.00491402	0.00962179	0.321251	2.68638
3.22581	-663.359	-0.00233744	0.00923805	0.307927	2.57589
3.23625	-660.524	-0.00375486	0.00908911	0.313008	2.52376
3.24675	-657.691	-0.00389971	0.00921547	0.309551	2.55031
3.25733	-652.137	-0.00956283	0.00809907	0.303323	2.21251
3.26797	-652.699	-0.00519759	0.00905058	0.30161	2.48509
3.27869	-649.085	-0.00222295	0.00867684	0.302	2.38044
3.28947	-644.807	0.00494657	0.00809856	0.294245	2.20907
3.30033	-641.441	0.00740048	0.00843515	0.295806	2.28533
3.31126	-640.587	0.000337913	0.00850235	0.287777	2.31091
3.32226	-637.289	-0.00901925	0.00785095	0.310123	2.10478
3.33333	-636.347	0.00807936	0.00832823	0.28883	2.231
3.34448	-630.496	-0.00479773	0.00814771	0.283051	2.18635
3.3557	-627.798	-0.000552421	0.00787199	0.277443	2.11119
3.367	-623.699	0.00229417	0.00737813	0.285009	1.97077
3.37838	-622.974	0.00189886	0.0083946	0.279565	2.23536
3.38983	-619.756	-0.00125422	0.00699287	0.270118	1.85619
3.40136	-617.133	-0.00332879	0.00767741	0.271858	2.02851
3.41297	-614.843	-0.00229854	0.00756776	0.262781	1.99422
3.42466	-613.333	0.0030856	0.00763739	0.259984	2.00461
3.43643	-609.286	0.000256414	0.00732897	0.262951	1.91944
3.44828	-606.422	0.000682652	0.00696679	0.25089	1.81821
3.46021	-600.62	0.00691407	0.00734049	0.23685	1.89683
3.47222	-600.959	-2.71167e-05	0.00695117	0.258128	1.80174
3.48432	-592.815	-0.00425278	0.00583135	0.238309	1.50157
3.4965	-594.209	-0.00321195	0.00692742	0.248667	1.78046
3.50877	-591.645	0.00993318	0.0075498	0.241044	1.91121
3.52113	-582.927	-0.01525	0.0060549	0.207158	1.48819
3.53357	-587.542	0.0100619	0.00685662	0.241625	1.7206
3.5461	-582.41	-0.00329899	0.00641595	0.237859	1.62561
3.55872	-581.177	-0.00134656	0.0065137	0.240864	1.64686
3.57143	-579.3	-0.00193387	0.00623127	0.228648	1.56934
3.58423	-577.772	-0.0107614	0.00727372	0.220442	1.79735
3.59712	-573.512	-0.00145689	0.0064399	0.227492	1.61073
3.61011	-571.562	0.0051979	0.00607419	0.226124	1.50756
3.62319	-568.558	0.00138061	0.00646835	0.227951	1.60626
3.63636	-565.276	-7.07957e-05	0.00569362	0.218301	1.40917
3.64964	-562.149	-0.000587117	0.00594739	0.218442	1.46654
3.663	-560.078	-0.00243066	0.0062651	0.219308	1.53788
3.67647	-560.296	0.0121056	0.00597607	0.224185	1.42707
3.69004	-555.431	0.00158768	0.00589765	0.212407	1.43782
3.7037	-551.769	-0.0033442	0.00583324	0.207453	1.41476
3.71747	-543.094	-0.0114397	0.00501729	0.210019	1.183
3.73134	-546.139	-0.000680207	0.00559485	0.207175	1.34937
3.74532	-546.304	-0.000620151	0.00633354	0.205533	1.52186
3.7594	-539.783	0.00203321	0.00578329	0.209766	1.38353
3.77358	-539.077	-0.000140899	0.00565558	0.1979	1.34885
3.78788	-536.532	0.00088083	0.00603059	0.195472	1.43268
3.80228	-536.661	-0.00261815	0.00540607	0.192274	1.27799
3.81679	-531.216	-0.0021952	0.0053672	0.194694	1.26445
3.83142	-529.179	0.00210237	0.0054459	0.193841	1.2782
3.84615	-521.152	0.00115238	0.00551335	0.19528	1.28981
3.861	-525.235	-0.00396171	0.00478457	0.187326	1.11162
3.87597	-520.855	0.000174008	0.00497356	0.187672	1.15485
3.89105	-518.713	-0.000607404	0.00503863	0.178043	1.16535
3.90625	-516.913	0.00122959	0.00517297	0.181105	1.1915
3.92157	-514.332	0.00124346	0.00513923	0.175216	1.1791
3.93701	-510.149	0.0033898	0.00470917	0.174015	1.07389
3.95257	-509.932	-0.0012376	0.00486798	0.173082	1.10809
3.96825	-506.435	0.00042794	0.00479424	0.172067	1.08729
3.98406	-503.693	0.0017176	0.00472488	0.172931	1.06668
4	-500.663	0.000399506	0.00500676	0.17349	1.12649
4.01606	-498.859	0.00518227	0.0046969	0.169165	1.04656
4.03226	-497.627	-0.00187491	0.00478247	0.166752	1.06666
4.04858	-494.343	0.000155798	0.00466598	0.163777	1.03724
4.06504	-491.547	-0.00327035	0.00389882	0.158268	0.86083
4.08163	-493.368	-0.00775905	0.00341306	0.174986	0.739305
4.09836	-488.533	0.00266784	0.00480616	0.161712	1.05387
4.11523	-483.981	-0.00110436	0.00443111	0.158682	0.968817
4.13223	-481.599	-0.00183577	0.00450481	0.157934	0.980413
4.14938	-480.064	-0.000556627	0.00424452	0.15384	0.92057
4.16667	-477.585	0.00609383	0.00432017	0.153856	0.925137
4.1841	-474.517	-0.000755083	0.00431127	0.152849	0.927232
4.20168	-472.053	0.00187086	0.00452939	0.150371	0.969445
4.21941	-473.912	0.00736252	0.00458776	0.14755	0.967007
4.23729	-468.437	-0.00263306	0.00414385	0.151324	0.878682
4.25532	-464.861	0.0129457	0.00522902	0.137705	1.07049
4.2735	-461.681	-0.000313421	0.00381432	0.139294	0.803276
4.29185	-461.721	-0.000938924	0.00367501	0.145727	0.770464
4.31034	-454.238	-0.0109686	0.00454565	0.136679	0.924011
4.329	-455.448	-0.000670156	0.00401516	0.139293	0.834658
4.34783	-454.115	-0.000391191	0.00389227	0.140571	0.805669
4.36681	-451.725	-0.00285467	0.00403017	0.135623	0.828938
4.38596	-449.528	0.0028567	0.00402969	0.134319	0.825219
4.40529	-445.531	0.000222345	0.00400882	0.131999	0.818991
4.42478	-443.921	-0.00161468	0.00388647	0.131186	0.789979
4.44444	-441.025	0.00633848	0.00374593	0.125669	0.750415
4.46429	-438.195	0.00178245	0.00329736	0.131105	0.664108
4.4843	-437.099	0.00282984	0.00376929	0.130135	0.75489
4.5045	-433.88	0.00224315	0.00410987	0.120271	0.820147
4.52489	-434.298	0.00392129	0.00379569	0.125505	0.751905
4.54545	-430.578	-0.00214379	0.0037075	0.121851	0.733175
4.56621	-428.62	-0.000380211	0.00327537	0.132865	0.645547
4.58716	-424.391	0.00429693	0.00368808	0.120282	0.719978
4.60829	-423.204	0.000740474	0.00359111	0.12021	0.701237
4.62963	-419.849	-0.00106475	0.00375468	0.120022	0.72969
4.65116	-420.006	0.00124224	0.0034667	0.119178	0.670507
4.6729	-418.85	0.00305565	0.00407511	0.115452	0.783068
4.69484	-418.516	-0.00317495	0.00338709	0.109019	0.647372
4.71698	-412.064	-0.000567982	0.00356888	0.113134	0.68088
4.73934	-409.371	-0.000219193	0.00363322	0.106636	0.689939
4.7619	-407.335	0.00087996	0.00363962	0.108969	0.687742
4.78469	-405.357	-0.00155801	0.00351756	0.107615	0.661196
4.80769	-402.733	0.00163743	0.0033623	0.106199	0.628922
4.83092	-400.884	-0.000196684	0.00329144	0.108342	0.613188
4.85437	-398.092	-0.00287187	0.00334924	0.10412	0.61942
4.87805	-397.284	0.00181943	0.00327232	0.105591	0.603133
4.90196	-393.036	-0.00266068	0.00320339	0.0994384	0.586843
4.92611	-391.189	-0.00288122	0.00313113	0.099992	0.570541
4.9505	-390.388	0.00139614	0.00318707	0.100097	0.579055
4.97512	-387.319	-0.000121366	0.00321806	0.0999725	0.582145
5	-385.81	0.00108479	0.00319035	0.0966923	0.574051
5.02513	-382.888	0.00626824	0.00326803	0.093078	0.578268
5.05051	-382.652	0.00278887	0.002811	0.0935853	0.499535
5.07614	-378.146	-0.00509775	0.00313673	0.0938349	0.551535
5.10204	-375.743	0.00155863	0.00305546	0.0929938	0.538555
5.12821	-374.706	-0.000630541	0.00314962	0.089201	0.552689
5.15464	-371.872	0.000806856	0.00301289	0.0896378	0.525937
5.18135	-368.184	0.00230089	0.00323827	0.0869657	0.561568
5.20833	-367.991	0.00068166	0.00304908	0.0872405	0.526801
5.2356	-363.966	0.00937601	0.00286454	0.0762495	0.477302
5.26316	-363.866	0.000385602	0.00286238	0.0869922	0.489441
5.29101	-360.799	0.00289441	0.00297267	0.087552	0.504226
5.31915	-359.038	0.00122858	0.00289031	0.0853214	0.488784
5.34759	-356.909	0.000363166	0.00298064	0.0836579	0.501619
5.37634	-355.662	0.000147116	0.00272456	0.0801278	0.456087
5.40541	-353.498	-0.00249025	0.00270476	0.0780205	0.44931
5.43478	-351.24	-0.00124987	0.00284537	0.0798375	0.470935
5.46448	-348.107	0.00192294	0.00256852	0.076053	0.422425
5.49451	-346.112	-0.000451731	0.00286403	0.0791568	0.469094
5.52486	-342.643	-0.00100105	0.00275936	0.0748786	0.449337
5.55556	-342.897	0.00209731	0.00286535	0.0758314	0.463475
5.58659	-336.683	0.00167498	0.00298476	0.0778727	0.480393
5.61798	-337.545	0.000834581	0.00273874	0.0745219	0.438634
5.64972	-334.605	-0.000909246	0.00258298	0.0706595	0.411336
5.68182	-324.648	0.0012592	0.00341771	0.054118	0.541114
5.71429	-332.67	-0.000578973	0.00277424	0.0703469	0.43689
5.74713	-329.338	-0.000497169	0.00267513	0.0698151	0.418887
5.78035	-329.174	0.00177633	0.00274111	0.0707169	0.426299
5.81395	-324.625	-0.00198302	0.00271519	0.0716023	0.419702
5.84795	-323.138	-0.000342982	0.00261981	0.0679645	0.403171
5.88235	-323.228	0.00389591	0.00281143	0.0639299	0.427826
5.91716	-318.724	-0.000503658	0.00260076	0.0664077	0.395537
5.95238	-316.674	-2.8648e-07	0.00256962	0.06299	0.388526
5.98802	-314.218	0.00217883	0.00248011	0.0633344	0.372048
6.0241	-312.869	9.87114e-05	0.00248375	0.0659389	0.371071
6.06061	-310.551	0.00373167	0.0023924	0.0628261	0.353203
6.09756	-309.116	-0.000820443	0.00267975	0.0629708	0.395431
6.13497	-307.016	-0.000856658	0.00242444	0.0592472	0.355558
6.17284	-304.093	-0.000787555	0.0024979	0.0592057	0.364104
6.21118	-301.524	0.00193036	0.00257684	0.0596593	0.372844
6.25	-299.392	0.00377371	0.00231102	0.0589679	0.330737
6.28931	-299.588	0.00163787	0.00247306	0.0571514	0.353511
6.32911	-296.728	-0.00148223	0.00253428	0.0575476	0.360062
6.36943	-295.26	0.0126911	0.00359153	0.0526165	0.484725
6.41026	-292.932	-0.00765851	0.00279936	0.0511789	0.384796
6.45161	-289.729	-0.00232139	0.00221098	0.0543335	0.30768
6.49351	-288.428	0.000849997	0.00234225	0.0530228	0.324535
6.53595	-285.702	0.000550046	0.00234232	0.0524765	0.322495
6.57895	-283.661	0.000853293	0.0023186	0.0524552	0.317085
6.62252	-281.538	-0.00367033	0.00234006	0.0509344	0.316184
6.66667	-275.612	-0.000924634	0.00233526	0.0510045	0.315145
6.71141	-279.672	-0.00110215	0.00246338	0.0488437	0.330176
6.75676	-276.481	-0.00171991	0.00230274	0.0479628	0.30633
6.80272	-272.976	0.00186171	0.00209954	0.0483486	0.277311
6.84932	-272.363	-0.000174475	0.00224892	0.0466733	0.295504
6.89655	-269.915	-0.0006286	0.0022507	0.0459102	0.293665
6.94444	-268.676	0.00109881	0.00221301	0.0454219	0.28665
6.99301	-266.636	-2.80765e-05	0.00216781	0.0451459	0.278997
7.04225	-263.359	0.000618926	0.00217125	0.0450328	0.277437
7.0922	-263.705	-0.00212681	0.0021972	0.0443278	0.27825
7.14286	-258.649	0.00309783	0.00216079	0.0431857	0.271051
7.19424	-257.902	-0.000350805	0.00221324	0.0433675	0.276861
7.24638	-256.988	-7.31426e-05	0.00207052	0.0415826	0.257158
7.29927	-255.492	-0.00373017	0.0020083	0.0423536	0.245908
7.35294	-251.803	0.00448125	0.00203892	0.0376801	0.247105
7.40741	-249.975	0.001138	0.00218394	0.0400308	0.265191
7.46269	-248.971	0.00110505	0.00214775	0.0388641	0.258871
7.5188	-245.297	0.000196725	0.00194703	0.0376593	0.233055
7.57576	-245.277	-0.00271133	0.00218601	0.0387008	0.258824
7.63359	-242.872	8.90633e-05	0.00208211	0.0373997	0.24548
7.69231	-243.488	-0.0024879	0.00204374	0.0358761	0.238393
7.75194	-239.327	-0.000753682	0.00205238	0.0361171	0.238216
7.8125	-236.764	0.00180819	0.00201749	0.0344446	0.232039
7.87402	-234.482	-0.00337968	0.00192352	0.0333447	0.218553
7.93651	-233.088	-0.000283704	0.00196947	0.0352417	0.223329
8	-230.974	-0.000103816	0.00198095	0.0334935	0.222856
8.06452	-230.773	-0.00253732	0.00189548	0.0345093	0.210817
8.13008	-228.082	0.00133097	0.00207658	0.032707	0.229681
8.19672	-225.918	-0.000358471	0.00198045	0.0318566	0.217439
8.26446	-222.99	-0.000530305	0.0019681	0.0313124	0.214295
8.33333	-221.694	0.00496625	0.00183493	0.0284966	0.195509
8.40336	-216.352	0.00111351	0.00177772	0.0301419	0.190261
8.47458	-216.819	-6.46373e-06	0.00188114	0.0304542	0.199777
8.54701	-216.577	0.000436262	0.00188831	0.0309406	0.198819
8.62069	-213.372	-0.000150218	0.00186527	0.0289317	0.194732
8.69565	-210.441	0.000280533	0.00184466	0.0282109	0.190914
8.77193	-210.134	-0.000485822	0.00173094	0.0285176	0.177571
8.84956	-208.457	-8.1018e-05	0.00185653	0.0273812	0.188808
8.92857	-206.041	-0.000876913	0.00186682	0.0267421	0.188098
9.00901	-204.716	-0.000114716	0.00185585	0.0263181	0.185399
9.09091	-202.277	-0.000139872	0.0018607	0.0255946	0.184208
9.17431	-199.901	-0.000445513	0.00178617	0.0255296	0.175204
9.25926	-200.162	-0.00341012	0.00177399	0.0245974	0.171302
9.34579	-192.348	-0.00247204	0.00168984	0.0229947	0.162143
9.43396	-194.604	-0.000399833	0.00181771	0.023585	0.173394
9.52381	-192.71	-0.000531669	0.0017924	0.0235886	0.169355
9.61538	-190.608	0.00112061	0.00185862	0.0222004	0.173849
9.70874	-188.242	-0.000444011	0.00177072	0.02241	0.164128
9.80392	-186.649	0.000503184	0.00175294	0.0222107	0.160897
9.90099	-184.458	-0.000865365	0.0017971	0.0212945	0.163288
10	-183.192	-0.00105395	0.00170219	0.0207443	0.153097
10.101	-180.994	-0.000889414	0.00173872	0.0205956	0.154849
10.2041	-179.021	0.000394904	0.00168152	0.0198501	0.148297
10.3093	-178.742	-0.00141476	0.00177855	0.0200078	0.155093
10.4167	-180.824	-0.00658352	0.00151695	0.0198389	0.12732
10.5263	-173.599	-0.000501166	0.00164608	0.0187615	0.140719
10.6383	-171.292	0.000337504	0.00168086	0.0184647	0.142191
10.7527	-169.749	0.000292058	0.00167984	0.0179602	0.140596
10.8696	-168.441	-0.00139806	0.0017248	0.0175457	0.142651
10.989	-166.175	8.72787e-05	0.00169419	0.0173375	0.138754
11.1111	-164.442	-0.000596789	0.00163238	0.0169302	0.132194
11.236	-162.593	-8.20702e-06	0.00170046	0.0165667	0.136207
11.3636	-160.111	-0.000379777	0.00168105	0.0164586	0.133128
11.4943	-157.342	0.00149198	0.00184982	0.0147854	0.144667
11.6279	-157.174	0.000755245	0.00157379	0.0153886	0.121767
11.7647	-155.345	-0.000616116	0.0016055	0.015158	0.122791
11.9048	-153.094	-0.000380592	0.00160832	0.0144817	0.121578
12.0482	-150.787	-8.90105e-05	0.00155233	0.0141952	0.115958
12.1951	-148.694	0.000709259	0.00160492	0.0138734	0.118406
12.3457	-145.373	-0.00078577	0.00162458	0.0132699	0.118387
12.5	-145.536	0.000412609	0.0015902	0.0132086	0.114482
12.6582	-143.906	0.00168411	0.00154536	0.0125249	0.109673
12.8205	-143.589	-0.000995618	0.00157789	0.0125519	0.110698
12.987	-139.833	-0.000712271	0.00155108	0.0124042	0.107454
13.1579	-135.383	0.000297898	0.00144934	0.0120747	0.0991285
13.3333	-134.675	0.00240344	0.00172431	0.012314	0.116001
13.5135	-134.93	9.09136e-05	0.00154737	0.0111808	0.103054
13.6986	-132.296	-0.000481456	0.00149319	0.0108268	0.0980872
13.8889	-130.822	-0.00107854	0.00144165	0.0106452	0.0933436
14.0845	-128.351	-0.000775598	0.0015321	0.0106538	0.0978625
14.2857	-127.696	0.00490712	0.00171839	0.0109547	0.106742
14.4928	-124.46	-0.000538895	0.00157223	0.00960368	0.0976177
14.7059	-123.394	4.23536e-05	0.00151828	0.00944349	0.0929183
14.9254	-122.199	0.000305476	0.00145112	0.00909129	0.0874972
15.1515	-119.425	-2.84787e-05	0.00146768	0.00889785	0.0871802
15.3846	-117.092	0.000870495	0.00146106	0.00874113	0.0854276
15.625	-116.154	0.000467481	0.00142278	0.00924212	0.0819398
15.873	-114.41	-0.000274271	0.00141161	0.00818361	0.0800338
16.129	-113.16	-0.00312028	0.00144158	0.00788242	0.0798972
16.3934	-110.52	0.000118112	0.00145314	0.00747876	0.0797767
16.6667	-109.348	-0.000111532	0.00143971	0.00727704	0.0777435
16.9492	-105.679	-0.000798831	0.00142857	0.00692612	0.0758231
17.2414	-105.043	0.000825357	0.00150447	0.00683935	0.078498
17.5439	-103.347	-0.00159823	0.00144952	0.00674353	0.0742295
17.8571	-101.976	-0.00132162	0.00138588	0.00630614	0.0697603
18.1818	-98.672	-0.00070287	0.00142334	0.00617941	0.0704307
18.5185	-97.763	-0.000201176	0.00137594	0.00588536	0.0668687
18.8679	-96.9727	0.00188434	0.00147509	0.00572195	0.0701924
19.2308	-95.8089	0.000707744	0.00118262	0.00552714	0.0553232
19.6078	-92.2527	0.00068665	0.00136499	0.00535638	0.0626315
20	-89.7881	-0.00327284	0.00134926	0.00506689	0.0602348
20.4082	-88.1696	-0.000494264	0.00133288	0.00478472	0.058769
20.8333	-130.36	0.0233797	0.00102005	0.00195447	0.0204526
21.2766	-85.1805	0.000852022	0.00141652	0.00444869	0.0598879
21.7391	-83.3676	-0.00103695	0.00133774	0.0043217	0.0553379
22.2222	-81.9048	0.000329024	0.00133432	0.00411484	0.0540358
22.7273	-79.1494	-0.000606695	0.00133616	0.00391191	0.0528972
23.2558	-77.4582	-0.000685421	0.00133168	0.00369031	0.051518
23.8095	-78.0399	-0.00368165	0.00117559	0.00440795	0.0439251
24.3902	-73.3342	0.000497906	0.00129947	0.00340708	0.0479415
25	-73.0285	0.00183413	0.00134454	0.00323948	0.0482824
25.641	-69.5424	-0.00022642	0.0012462	0.00307233	0.0437397
26.3158	-68.8771	-0.00233736	0.0012431	0.00300339	0.0423272
27.027	-66.3382	0.00187451	0.00132417	0.00274443	0.0439777
27.7778	-63.9402	0.00114654	0.00129868	0.00256874	0.0420347
28.5714	-63.2389	-0.000157658	0.00128895	0.00248636	0.0406012
29.4118	-61.1001	0.000529228	0.00128834	0.00232822	0.0394146
30.303	-60.0882	0.000200899	0.00127559	0.00218115	0.0378839
31.25	-57.3886	0.00108667	0.00127387	0.00208463	0.0366535
32.2581	-55.8939	0.00313214	0.00131452	0.00203001	0.0364014
33.3333	-53.8851	-0.000771361	0.00130505	0.00176179	0.0352203
34.4828	-52.2699	6.5034e-05	0.00124194	0.00168969	0.0324145
35.7143	-49.6164	0.000124642	0.00120662	0.00149879	0.0304064
37.037	-49.2037	0.000640033	0.00127121	0.00148121	0.0308804
38.4615	-47.2728	5.64204e-05	0.00118334	0.00135905	0.0276901
40	-45.2127	4.35912e-06	0.00120574	0.00125266	0.0271292
41.6667	-43.5887	-0.00140636	0.0012162	0.00118904	0.0262272
43.4783	-40.8053	0.000787138	0.00118865	0.00105477	0.0245922
45.4545	-39.6591	-0.000263683	0.00121656	0.000975894	0.0240866
47.619	-37.7551	0.000169428	0.00118688	0.000881793	0.0224315
50	-36.9737	-0.00102527	0.00125979	0.000803654	0.0226574
52.6316	-33.0171	-0.0024202	0.00118503	0.00073997	0.0201639
55.5556	-35.555	0.000142981	0.00115696	0.000590496	0.0187424
58.8235	-31.9397	0.00199421	0.00117402	0.000572349	0.0179017
62.5	-29.1153	0.000319564	0.00126852	0.000537996	0.0182653
66.6667	-27.2021	-0.000701711	0.00122065	0.000448796	0.0164721
71.4286	-25.5073	-5.47911e-06	0.00118401	0.000390348	0.0149185
76.9231	-23.1765	0.0011247	0.00119952	0.000342697	0.0140196
83.3333	-22.2721	-0.00064096	0.00113566	0.000285405	0.0122607
90.9091	-23.9009	0.0021859	0.00131805	0.000200722	0.0130014
