1/beta	E	M	C	X
1	-19973.1	0.999314	0.998629	0.0172292	0.0011399
1.001	-19968.7	0.999192	0.998385	0.0255527	0.00178522
1.002	-19973.6	0.999333	0.998666	0.016451	0.0010453
1.00301	-19973.5	0.999326	0.998653	0.020525	0.00139025
1.00402	-19971.7	0.99928	0.998561	0.0227819	0.0015495
1.00503	-19965.4	0.999107	0.998215	0.027588	0.00189573
1.00604	-19971.8	0.99927	0.99854	0.0187062	0.00128084
1.00705	-19968.3	0.999195	0.998391	0.0204633	0.0013424
1.00806	-19972.6	0.999303	0.998607	0.0228479	0.00153779
1.00908	-19967.8	0.999176	0.998353	0.0228597	0.00158099
1.0101	-19967.5	0.999166	0.998333	0.0317081	0.00207093
1.01112	-19966.6	0.999135	0.998272	0.0258119	0.00181741
1.01215	-19968.7	0.9992	0.9984	0.0250406	0.0017006
1.01317	-19969.3	0.999219	0.998438	0.025843	0.00172193
1.0142	-19969.8	0.99923	0.998462	0.02684	0.00181059
1.01523	-19976	0.9994	0.9988	0	0
1.01626	-19968.1	0.999184	0.998369	0.027026	0.00185694
1.01729	-19966.2	0.999137	0.998276	0.0236533	0.00160015
1.01833	-19969	0.999209	0.998419	0.0228266	0.00158179
1.01937	-19972	0.9993	0.9986	0.0156589	0.000997637
1.02041	-19963.2	0.999056	0.998114	0.0227816	0.00157877
1.02145	-19964.8	0.999092	0.998185	0.0289765	0.00207069
1.02249	-19973.5	0.999337	0.998675	0.0265542	0.00169697
1.02354	-19966.7	0.999155	0.99831	0.0244523	0.00165174
1.02459	-19968.8	0.999202	0.998405	0.0237327	0.00165086
1.02564	-19962.8	0.999051	0.998103	0.0264188	0.0018266
1.02669	-19966.2	0.999141	0.998283	0.0229567	0.00155766
1.02775	-19966.8	0.99915	0.9983	0.0224568	0.001553
1.02881	-19962.3	0.999039	0.998079	0.0272781	0.00183954
1.02987	-19963.8	0.999076	0.998152	0.0294241	0.00202062
1.03093	-19965	0.999101	0.998204	0.0286044	0.00204473
1.03199	-19970.9	0.999259	0.998518	0.026288	0.00176786
1.03306	-19962.9	0.999044	0.998088	0.0221929	0.0015091
1.03413	-19963.6	0.999069	0.99814	0.0237246	0.00165605
1.0352	-19963.6	0.999071	0.998143	0.0227139	0.00155333
1.03627	-19971.6	0.999284	0.998568	0.00523748	0.000324565
1.03734	-19964	0.99907	0.998142	0.0285474	0.00197589
1.03842	-19958.9	0.998953	0.997907	0.0310316	0.00214841
1.0395	-19953.4	0.998813	0.997627	0.0481209	0.00347188
1.04058	-19961.7	0.999022	0.998046	0.0267027	0.0018705
1.04167	-19957.4	0.998917	0.997835	0.034287	0.00236128
1.04275	-19963.6	0.999073	0.998148	0.0263497	0.00181748
1.04384	-19957.9	0.998919	0.99784	0.0286982	0.00205328
1.04493	-19957.7	0.998907	0.997815	0.0379711	0.00289448
1.04603	-19956.8	0.998893	0.997788	0.0289102	0.0020475
1.04712	-19956.9	0.998894	0.99779	0.0295522	0.0021313
1.04822	-19955	0.998839	0.997679	0.0278713	0.00210829
1.04932	-19956.9	0.998894	0.99779	0.0386767	0.00274584
1.05042	-19960.6	0.998994	0.997988	0.0266772	0.00185527
1.05152	-19959.8	0.998971	0.997943	0.0329895	0.00238269
1.05263	-19956.2	0.99888	0.997761	0.0314141	0.00222016
1.05374	-19956.8	0.998894	0.997789	0.0331269	0.00240044
1.05485	-19970.1	0.999253	0.998507	0.00370422	0.000244213
1.05597	-19955.4	0.998858	0.997717	0.0332936	0.00241815
1.05708	-19956.5	0.998885	0.997772	0.0331403	0.00238287
1.0582	-19964.6	0.999097	0.998195	0.0205366	0.00149705
1.05932	-19957.3	0.998901	0.997803	0.031797	0.00232581
1.06045	-19956.7	0.998893	0.997787	0.036548	0.00259199
1.06157	-19954.3	0.998829	0.99766	0.0347845	0.0025134
1.0627	-19953.7	0.998811	0.997624	0.0370725	0.00267206
1.06383	-19951.6	0.998745	0.997491	0.0361093	0.00286757
1.06496	-19952.4	0.99878	0.997561	0.0352565	0.00255165
1.0661	-19957.3	0.998911	0.997824	0.020096	0.00143662
1.06724	-19953.3	0.998798	0.997599	0.0260426	0.00197375
1.06838	-19952.6	0.998783	0.997567	0.0382427	0.00278567
1.06952	-19952.6	0.99878	0.997562	0.0275434	0.00203038
1.07066	-19938.4	0.99846	0.996922	0.00197296	0.000132024
1.07181	-19950.2	0.998709	0.997419	0.0259633	0.00205013
1.07296	-19952.3	0.998776	0.997554	0.0290252	0.00216394
1.07411	-19951.8	0.99877	0.997541	0.0357537	0.00258489
1.07527	-19953.1	0.998787	0.997575	0.0365558	0.00286978
1.07643	-19949.7	0.998712	0.997425	0.0286907	0.00211356
1.07759	-19947.5	0.998654	0.997309	0.035302	0.00257113
1.07875	-19947.2	0.99864	0.997282	0.0367864	0.00276978
1.07991	-19943.7	0.998548	0.997099	0.0288967	0.00221506
1.08108	-19946.6	0.998629	0.997261	0.0419045	0.00303929
1.08225	-19945.2	0.998588	0.997179	0.0373338	0.00280436
1.08342	-19943	0.998537	0.997076	0.0472855	0.00347184
1.0846	-19945.6	0.998604	0.99721	0.0363242	0.00269097
1.08578	-19950.2	0.998711	0.997424	0.0303671	0.00239754
1.08696	-19945.9	0.99861	0.997222	0.0436264	0.00327495
1.08814	-19946.6	0.998631	0.997264	0.036747	0.00272072
1.08932	-19940.4	0.998461	0.996925	0.029817	0.00229718
1.09051	-19940.3	0.99844	0.996883	0.0370595	0.00307688
1.0917	-19940.7	0.998476	0.996955	0.0406963	0.00307757
1.0929	-19944	0.998559	0.99712	0.0411773	0.00314308
1.09409	-19945.9	0.998612	0.997226	0.0379521	0.00275563
1.09529	-19940.6	0.998466	0.996935	0.0431358	0.00342427
1.09649	-19945.1	0.998585	0.997171	0.0286674	0.00226758
1.09769	-19940.1	0.99845	0.996903	0.039658	0.00309678
1.0989	-19938.8	0.998433	0.996868	0.0334039	0.00247301
1.10011	-19945	0.998595	0.997192	0.0351016	0.00255277
1.10132	-19940.6	0.998468	0.996939	0.0405995	0.00312736
1.10254	-19939.6	0.998447	0.996897	0.0415216	0.00320683
1.10375	-19938.7	0.998421	0.996846	0.0425456	0.00327033
1.10497	-19939.7	0.998428	0.996858	0.0393918	0.00300123
1.10619	-19938.2	0.998406	0.996814	0.038686	0.00301637
1.10742	-19934.4	0.998309	0.996622	0.0446906	0.0034577
1.10865	-19938	0.998404	0.99681	0.042707	0.00326018
1.10988	-19934.4	0.998309	0.996621	0.0442027	0.00341878
1.11111	-19933.7	0.99829	0.996583	0.0389582	0.00302036
1.11235	-19935.7	0.998345	0.996694	0.0350785	0.00267132
1.11359	-19935	0.998322	0.996647	0.043777	0.00338244
1.11483	-19934.6	0.998328	0.996659	0.0521652	0.00375569
1.11607	-19932.9	0.998267	0.996538	0.0463771	0.00358182
1.11732	-19932.7	0.998258	0.99652	0.0434254	0.0034489
1.11857	-19931.5	0.998226	0.996455	0.0432862	0.00348185
1.11982	-19936.6	0.998368	0.996739	0.0505584	0.00392358
1.12108	-19928.4	0.99814	0.996284	0.0519587	0.00424127
1.12233	-19930.9	0.998227	0.996457	0.0355088	0.00276055
1.1236	-19927.6	0.998128	0.99626	0.0523246	0.00417138
1.12486	-19930.8	0.998238	0.996479	0.0231724	0.00171974
1.12613	-19927.6	0.998133	0.996269	0.0464396	0.00366494
1.1274	-19928.7	0.998155	0.996315	0.0444097	0.00357176
1.12867	-19926	0.998082	0.996168	0.0441435	0.00357726
1.12994	-19925.6	0.998072	0.996149	0.0421289	0.00343047
1.13122	-19925.8	0.998077	0.996159	0.049062	0.00394592
1.1325	-19925.9	0.998088	0.99618	0.0515106	0.00408077
1.13379	-19919.4	0.997919	0.995843	0.0459369	0.00365457
1.13507	-19922.7	0.998008	0.99602	0.0504126	0.00409
1.13636	-19923.7	0.998033	0.996071	0.0522154	0.00418186
1.13766	-19925.8	0.998083	0.99617	0.050755	0.00416499
1.13895	-19921.8	0.997981	0.995967	0.0498044	0.00389595
1.14025	-19916.3	0.997835	0.995675	0.0451381	0.00365045
1.14155	-19920.4	0.997931	0.995866	0.0507922	0.00429122
1.14286	-19941.7	0.998512	0.997027	0.0374499	0.00287347
1.14416	-19916.6	0.997825	0.995656	0.0483638	0.00392422
1.14548	-19920.1	0.997935	0.995874	0.0503131	0.00398152
1.14679	-19914.7	0.997787	0.995579	0.0612341	0.00490577
1.14811	-19916.7	0.997837	0.995678	0.0543619	0.00434772
1.14943	-19915.8	0.997829	0.995663	0.0509466	0.00407212
1.15075	-19917.2	0.997851	0.995706	0.048618	0.00401169
1.15207	-19915.2	0.997803	0.995611	0.0522773	0.00426331
1.1534	-19912.3	0.997709	0.995423	0.053036	0.00451874
1.15473	-19915.7	0.997812	0.995628	0.0542265	0.00449038
1.15607	-19914.2	0.997778	0.995562	0.0563742	0.00460123
1.15741	-19908.3	0.997604	0.995215	0.0571663	0.00485165
1.15875	-19911.7	0.997711	0.995428	0.0515011	0.00431215
1.16009	-19913.6	0.997761	0.995528	0.0555061	0.00459369
1.16144	-19914.6	0.99779	0.995585	0.0480029	0.00388171
1.16279	-19906.1	0.997568	0.995143	0.0386755	0.00330442
1.16414	-19908	0.997608	0.995223	0.058784	0.00492358
1.1655	-19910	0.99767	0.995346	0.0421724	0.00345826
1.16686	-19909.8	0.997636	0.995279	0.0572399	0.0049788
1.16822	-19905.9	0.997562	0.99513	0.0571646	0.00473775
1.16959	-19904	0.997506	0.995019	0.0573998	0.00472628
1.17096	-19903.5	0.997503	0.995014	0.0576592	0.00467722
1.17233	-19902.6	0.997466	0.99494	0.0604141	0.00511021
1.17371	-19903.5	0.997489	0.994985	0.0593339	0.00508073
1.17509	-19901.3	0.997431	0.994869	0.0591358	0.00510186
1.17647	-19899.6	0.997315	0.994637	0.0331955	0.00250402
1.17786	-19900.5	0.997418	0.994843	0.0582264	0.00503533
1.17925	-19897.3	0.997324	0.994655	0.0622068	0.00535953
1.18064	-19900.3	0.997412	0.994832	0.0610466	0.00511367
1.18203	-19893.7	0.997276	0.99456	0.0752561	0.00620856
1.18343	-19897.4	0.997325	0.994657	0.0484504	0.00407841
1.18483	-19898.7	0.997365	0.994737	0.0622732	0.00521552
1.18624	-19896	0.997297	0.994602	0.0575888	0.00494638
1.18765	-19893.5	0.997243	0.994495	0.0779314	0.00651201
1.18906	-19900.6	0.997412	0.99483	0.0652613	0.00560572
1.19048	-19893.6	0.99723	0.994469	0.0605457	0.00514605
1.1919	-19890.2	0.997166	0.994341	0.0289676	0.00247142
1.19332	-19888	0.997016	0.994042	0.0788457	0.00719257
1.19474	-19892.1	0.997179	0.994366	0.0702425	0.00599785
1.19617	-19892.4	0.997195	0.994399	0.0828556	0.00732417
1.1976	-19886.7	0.997093	0.994194	0.0405542	0.00334087
1.19904	-19886	0.997028	0.994065	0.07262	0.00634974
1.20048	-19937.3	0.998385	0.996773	0.004408	0.000443722
1.20192	-19885.6	0.997019	0.994048	0.0724064	0.00624206
1.20337	-19882.6	0.996932	0.993874	0.0636689	0.00585233
1.20482	-19881.5	0.996901	0.993812	0.0641229	0.00566885
1.20627	-19882.8	0.996935	0.993881	0.0701388	0.00625508
1.20773	-19882.1	0.996929	0.993867	0.0631742	0.0054358
1.20919	-19870.1	0.996626	0.993264	0.0535088	0.00435478
1.21065	-19879.6	0.996855	0.993721	0.0644122	0.0058568
1.21212	-19877.9	0.996808	0.993626	0.0663934	0.00600855
1.21359	-19874.7	0.996713	0.993438	0.0700816	0.00673006
1.21507	-19876	0.996769	0.993549	0.0829125	0.00728823
1.21655	-19877.7	0.996785	0.993582	0.0817529	0.00711566
1.21803	-19880.6	0.996874	0.993759	0.0529632	0.00483606
1.21951	-19871	0.9966	0.993213	0.0776297	0.00718316
1.221	-19870.6	0.996615	0.993242	0.0690705	0.00624058
1.22249	-19877	0.996847	0.993704	0.0610692	0.00482962
1.22399	-19872.4	0.996662	0.993335	0.0636825	0.00576879
1.22549	-19871.4	0.996644	0.9933	0.0721614	0.00637254
1.22699	-19868.5	0.996568	0.993148	0.0764693	0.00691791
1.2285	-19865	0.996461	0.992936	0.065939	0.00605085
1.23001	-19867.2	0.996525	0.993062	0.0724356	0.00671999
1.23153	-19862.1	0.996392	0.992798	0.0730537	0.00663653
1.23305	-19866.5	0.996501	0.993015	0.0783049	0.00720204
1.23457	-19857.6	0.996259	0.992534	0.0753908	0.00686018
1.23609	-19859.1	0.99632	0.992655	0.0769491	0.0068474
1.23762	-19858.6	0.996301	0.992617	0.0783822	0.00704246
1.23916	-19853.6	0.996154	0.992323	0.0832368	0.00760005
1.24069	-19859	0.996298	0.99261	0.0550334	0.00530237
1.24224	-19856.4	0.996228	0.992471	0.0811501	0.00759851
1.24378	-19853.6	0.996143	0.992302	0.0793747	0.00725058
1.24533	-19853.6	0.996156	0.992328	0.0769292	0.00712748
1.24688	-19857.3	0.996228	0.992472	0.0875036	0.00842439
1.24844	-19849.6	0.996042	0.992101	0.0875925	0.00831105
1.25	-19846.5	0.995973	0.991963	0.070651	0.00661102
1.25156	-19847.9	0.996007	0.992031	0.0710216	0.00654737
1.25313	-19841.4	0.995842	0.991702	0.0866032	0.00814625
1.25471	-19844.1	0.995903	0.991824	0.0876031	0.00821966
1.25628	-19842.1	0.995841	0.991701	0.0845338	0.00806442
1.25786	-19839.8	0.995746	0.991512	0.0875486	0.00858619
1.25945	-19834.4	0.99561	0.99124	0.0846684	0.00825938
1.26103	-19842.4	0.995868	0.991754	0.0972358	0.00906594
1.26263	-19836.3	0.995689	0.991398	0.0815363	0.00800259
1.26422	-19832.3	0.995572	0.991164	0.089924	0.0085989
1.26582	-19822.9	0.995344	0.990711	0.0662457	0.00597693
1.26743	-19831.4	0.995559	0.99114	0.0831757	0.00781589
1.26904	-19830.7	0.995542	0.991105	0.0890666	0.00864781
1.27065	-19844.4	0.995989	0.991994	0.0602375	0.00536368
1.27226	-19834.3	0.99565	0.991321	0.0899966	0.00859235
1.27389	-19829.5	0.995525	0.991071	0.100767	0.00937809
1.27551	-19823.3	0.995368	0.990759	0.0867295	0.00842002
1.27714	-19816.4	0.995115	0.990254	0.0864567	0.00865476
1.27877	-19829	0.995512	0.991045	0.0856787	0.00814424
1.28041	-19822.8	0.995362	0.990747	0.0912037	0.00863868
1.28205	-19822.1	0.995318	0.990659	0.0824259	0.0082331
1.2837	-19819	0.99522	0.990465	0.0870444	0.00839415
1.28535	-19809.3	0.994917	0.989861	0.090455	0.00943528
1.287	-19814.5	0.995087	0.990199	0.0983178	0.00978136
1.28866	-19804	0.994804	0.989635	0.106543	0.0109055
1.29032	-19811.4	0.995027	0.99008	0.0998449	0.00977792
1.29199	-19816.2	0.995176	0.990376	0.0809498	0.00804634
1.29366	-19805.4	0.994812	0.989651	0.0922586	0.00935308
1.29534	-19814.8	0.995135	0.990294	0.0842274	0.00847101
1.29702	-19802.6	0.9948	0.989629	0.102696	0.00990645
1.2987	-19802.8	0.994804	0.989636	0.106369	0.00993976
1.30039	-19802.8	0.994779	0.989587	0.0983689	0.00978747
1.30208	-19800.4	0.994707	0.989443	0.102826	0.0103452
1.30378	-19801	0.994729	0.989488	0.109494	0.0109424
1.30548	-19794.8	0.994542	0.989114	0.111372	0.0113056
1.30719	-19790.8	0.994446	0.988925	0.10309	0.0106456
1.3089	-19797.3	0.994593	0.989217	0.0990301	0.0106463
1.31062	-19796.2	0.994595	0.98922	0.102704	0.0107289
1.31234	-19792.6	0.994486	0.989004	0.115071	0.0121741
1.31406	-19788.1	0.994383	0.9888	0.106946	0.0108754
1.31579	-19785.8	0.994286	0.988606	0.127168	0.012902
1.31752	-19789.1	0.994434	0.9889	0.0981725	0.00889072
1.31926	-19783.1	0.994246	0.988527	0.10646	0.0108092
1.321	-19782.5	0.994231	0.988497	0.116475	0.011542
1.32275	-19776.9	0.994066	0.988168	0.0883637	0.00935738
1.3245	-19772	0.993941	0.987921	0.135646	0.0142151
1.32626	-19777.7	0.994091	0.988219	0.109077	0.0116766
1.32802	-19797.3	0.994682	0.989394	0.0735565	0.00716624
1.32979	-19774.8	0.99403	0.988097	0.111037	0.0112232
1.33156	-19767.1	0.993803	0.987647	0.107871	0.0110533
1.33333	-19734.4	0.992793	0.98564	0.0690344	0.00833132
1.33511	-19766.9	0.993807	0.987654	0.111488	0.0117932
1.3369	-19767.4	0.993801	0.987642	0.112421	0.0119417
1.33869	-19756.6	0.993501	0.987046	0.0967692	0.0102914
1.34048	-19759.8	0.993591	0.987224	0.117344	0.0121069
1.34228	-19758.5	0.99354	0.987124	0.118891	0.0127846
1.34409	-19755.1	0.993485	0.987014	0.10409	0.0107412
1.3459	-19752.7	0.993398	0.986842	0.119671	0.0128597
1.34771	-19753.9	0.993447	0.986938	0.108787	0.0111543
1.34953	-19746.3	0.993236	0.98652	0.114899	0.0120531
1.35135	-19746.9	0.993257	0.986561	0.125273	0.013654
1.35318	-19742	0.993094	0.986238	0.127948	0.0140158
1.35501	-19745.4	0.993193	0.986434	0.115601	0.0126324
1.35685	-19742.5	0.993105	0.98626	0.126359	0.0133713
1.3587	-19734.9	0.992911	0.985874	0.131375	0.0142533
1.36054	-19734	0.992872	0.985797	0.128457	0.0138996
1.3624	-19748.3	0.993266	0.986579	0.121025	0.0127794
1.36426	-19718.9	0.992448	0.984954	0.135378	0.0149097
1.36612	-19728	0.992699	0.985454	0.126875	0.0141079
1.36799	-19725.1	0.992665	0.985386	0.1174	0.0127437
1.36986	-19720.5	0.992509	0.985076	0.133506	0.0149798
1.37174	-19720.5	0.992496	0.985051	0.134643	0.015102
1.37363	-19711.6	0.992405	0.984869	0.0559339	0.00682725
1.37552	-19718.6	0.992445	0.98495	0.126899	0.0143995
1.37741	-19717.2	0.99242	0.9849	0.133243	0.0150807
1.37931	-19712.7	0.992296	0.984653	0.136355	0.0152568
1.38122	-19707.8	0.992145	0.984354	0.110655	0.01208
1.38313	-19708.9	0.992207	0.984476	0.11554	0.0123277
1.38504	-19701.4	0.99197	0.984006	0.134949	0.0151689
1.38696	-19701.2	0.991956	0.983979	0.130395	0.0148677
1.38889	-19702.4	0.992019	0.984103	0.110638	0.0124465
1.39082	-19696.9	0.991865	0.983799	0.145797	0.0165604
1.39276	-19692.4	0.991691	0.983453	0.141674	0.0167697
1.3947	-19688.6	0.991595	0.983264	0.142764	0.0164397
1.39665	-19681.4	0.991423	0.982921	0.122409	0.0139693
1.3986	-19683.4	0.991446	0.982968	0.148887	0.0179998
1.40056	-19678.2	0.99128	0.982638	0.148655	0.017673
1.40252	-19678.6	0.991314	0.982706	0.141558	0.0164208
1.40449	-19676.8	0.991274	0.982627	0.146341	0.0171087
1.40647	-19668.5	0.991009	0.982102	0.15968	0.0188878
1.40845	-19672.3	0.99113	0.982341	0.143464	0.0171706
1.41044	-19666.8	0.990992	0.982067	0.163542	0.0191144
1.41243	-19665	0.990954	0.981992	0.154186	0.0180681
1.41443	-19655.8	0.990649	0.981388	0.180317	0.0205638
1.41643	-19656.2	0.990686	0.981461	0.150412	0.0183327
1.41844	-19652.2	0.990589	0.98127	0.150446	0.0176794
1.42045	-19657.5	0.990742	0.981573	0.151015	0.0179833
1.42248	-19643.3	0.990275	0.980647	0.204906	0.020514
1.4245	-19644.3	0.990312	0.980719	0.117963	0.0146203
1.42653	-19639.8	0.990226	0.98055	0.157297	0.0191166
1.42857	-19636.6	0.990122	0.980345	0.149838	0.0186483
1.43062	-19631.3	0.989966	0.980036	0.161224	0.0202527
1.43266	-19647.2	0.990505	0.981102	0.0646952	0.00762506
1.43472	-19630.4	0.989996	0.980094	0.171438	0.0203203
1.43678	-19624.4	0.989771	0.97965	0.171557	0.0213216
1.43885	-19621.7	0.989746	0.979599	0.153648	0.0183196
1.44092	-19617.8	0.989595	0.9793	0.111524	0.0135104
1.443	-19612.2	0.989436	0.978988	0.170737	0.021297
1.44509	-19606.1	0.989281	0.97868	0.167408	0.0210109
1.44718	-19612.5	0.989444	0.979002	0.156461	0.019948
1.44928	-19592.3	0.988855	0.977838	0.16699	0.0215308
1.45138	-19596	0.988953	0.978031	0.180365	0.023226
1.45349	-19595.6	0.988894	0.977917	0.221188	0.0298663
1.4556	-19596.3	0.988984	0.978092	0.186277	0.0231318
1.45773	-19589.5	0.988783	0.977695	0.173939	0.0217319
1.45985	-19575.1	0.988388	0.976914	0.123978	0.0160164
1.46199	-19580.9	0.988543	0.97722	0.171053	0.0219651
1.46413	-19554.2	0.987668	0.97549	0.13064	0.0162565
1.46628	-19578.1	0.988452	0.97704	0.181844	0.0232287
1.46843	-19571.3	0.98827	0.976681	0.182083	0.0239291
1.47059	-19559.3	0.987943	0.976034	0.170322	0.022204
1.47275	-19552.5	0.987685	0.975524	0.169984	0.0221532
1.47493	-19564.4	0.988037	0.97622	0.183854	0.023562
1.4771	-19554.9	0.987799	0.975749	0.166033	0.0210155
1.47929	-19551.5	0.987706	0.975567	0.203708	0.0277647
1.48148	-19540.7	0.987322	0.974808	0.194975	0.0259888
1.48368	-19539.5	0.987303	0.974771	0.164207	0.0224881
1.48588	-19539.3	0.987315	0.974795	0.18579	0.025377
1.4881	-19527.8	0.986933	0.97404	0.191346	0.0257516
1.49031	-19539.3	0.987416	0.974994	0.159066	0.0215098
1.49254	-19521.5	0.986771	0.973722	0.187501	0.025078
1.49477	-19521.9	0.986841	0.97386	0.194944	0.025904
1.49701	-19514.3	0.986608	0.973399	0.200996	0.0276525
1.49925	-19505.3	0.986252	0.972698	0.211744	0.0296855
1.5015	-19507.1	0.986364	0.972918	0.17347	0.024698
1.50376	-19514.9	0.986609	0.973402	0.191217	0.0265812
1.50602	-19501	0.986124	0.972444	0.195941	0.0277966
1.5083	-19485.6	0.98571	0.971628	0.234595	0.0310928
1.51057	-19481.3	0.985695	0.971598	0.173079	0.0236968
1.51286	-19490.3	0.985921	0.972045	0.215564	0.0297092
1.51515	-19483	0.985649	0.971508	0.197394	0.0284058
1.51745	-19456.2	0.984883	0.969998	0.0909486	0.0138422
1.51976	-19470	0.98526	0.970743	0.217693	0.031594
1.52207	-19465.2	0.985178	0.97058	0.202018	0.0286427
1.52439	-19460	0.985018	0.970264	0.200044	0.0283862
1.52672	-19455.6	0.984897	0.970027	0.223675	0.0324737
1.52905	-19458.1	0.98486	0.969956	0.242017	0.0371292
1.53139	-19442.1	0.984448	0.969143	0.224317	0.0323001
1.53374	-19439.9	0.984409	0.969066	0.223967	0.0324185
1.5361	-19429.6	0.984034	0.968329	0.208455	0.0343612
1.53846	-19429.8	0.984091	0.968439	0.21642	0.031436
1.54083	-19433.6	0.984239	0.968732	0.216487	0.0325891
1.54321	-19416.6	0.983722	0.967714	0.256371	0.0376021
1.5456	-19407.8	0.983429	0.967137	0.177099	0.0252247
1.54799	-19417.4	0.983697	0.967665	0.202742	0.0322836
1.55039	-19401.3	0.983196	0.966681	0.244184	0.0366083
1.5528	-19357.8	0.981186	0.962731	0.191225	0.0407845
1.55521	-19393.4	0.983021	0.966336	0.226022	0.0330879
1.55763	-19398.1	0.983242	0.96677	0.226634	0.0330629
1.56006	-19384.5	0.982724	0.965753	0.233675	0.0357332
1.5625	-19377.2	0.982544	0.965397	0.223717	0.0334246
1.56495	-19385.7	0.982809	0.965919	0.22111	0.0326281
1.5674	-19368.4	0.982233	0.964787	0.250578	0.0369638
1.56986	-19356.1	0.981905	0.964143	0.248291	0.0382333
1.57233	-19357.7	0.981944	0.96422	0.22389	0.0344195
1.5748	-19343.6	0.981521	0.963388	0.20822	0.0313304
1.57729	-19338.8	0.98124	0.962839	0.266555	0.043824
1.57978	-19338.6	0.981818	0.963969	0.0718729	0.010598
1.58228	-19331.6	0.981161	0.962681	0.203369	0.0312221
1.58479	-19322.8	0.980942	0.962254	0.272377	0.0419656
1.5873	-19311.7	0.980475	0.961338	0.257324	0.0440401
1.58983	-19284.7	0.979532	0.959491	0.288232	0.0455982
1.59236	-19295	0.979986	0.960379	0.255293	0.0404526
1.5949	-19300	0.980155	0.960711	0.26216	0.0423583
1.59744	-19273.3	0.979432	0.959293	0.237467	0.0377557
1.6	-19279	0.979458	0.959344	0.259971	0.0448202
1.60256	-19277.6	0.979446	0.959321	0.261866	0.0435286
1.60514	-19269.9	0.979249	0.958934	0.248071	0.0412961
1.60772	-19262.2	0.979012	0.958472	0.255854	0.0414656
1.61031	-19252.4	0.978735	0.95793	0.255389	0.0426691
1.6129	-19258.5	0.978985	0.95842	0.307267	0.048085
1.61551	-19242	0.978306	0.95709	0.264545	0.0451731
1.61812	-19226.4	0.977765	0.956033	0.297076	0.0499278
1.62075	-19222.6	0.977708	0.955919	0.250066	0.0428746
1.62338	-19189.5	0.976725	0.953999	0.311844	0.0461859
1.62602	-19212.3	0.977388	0.955297	0.292573	0.0524441
1.62866	-19243	0.978572	0.957605	0.109945	0.0156451
1.63132	-19196.1	0.976907	0.954356	0.293555	0.0520574
1.63399	-19182	0.976553	0.953665	0.285791	0.0508261
1.63666	-19179.7	0.976468	0.953497	0.288257	0.0480386
1.63934	-19191.5	0.976768	0.954081	0.199656	0.0367594
1.64204	-19162.9	0.975823	0.952239	0.290559	0.0505395
1.64474	-19156.1	0.975673	0.951947	0.294845	0.0537148
1.64745	-19133.8	0.974775	0.950196	0.282553	0.0511608
1.65017	-19137.3	0.974957	0.950552	0.336154	0.064654
1.65289	-19144.4	0.975364	0.951342	0.289573	0.0501719
1.65563	-19136.1	0.975097	0.950826	0.361128	0.067355
1.65837	-19120.9	0.974551	0.94976	0.318777	0.05744
1.66113	-19099.7	0.973812	0.948319	0.298854	0.0558822
1.66389	-19100.4	0.973925	0.94854	0.318592	0.0621511
1.66667	-19089	0.973573	0.947853	0.272783	0.0523705
1.66945	-19088	0.973545	0.9478	0.320449	0.0598971
1.67224	-19076.7	0.97321	0.947147	0.278438	0.0549201
1.67504	-19063.4	0.97256	0.945884	0.312186	0.0635561
1.67785	-19061.7	0.972718	0.946191	0.331061	0.0602012
1.68067	-19038.8	0.971938	0.944675	0.321514	0.0629767
1.6835	-19037.8	0.97187	0.944542	0.314518	0.0618004
1.68634	-19036.6	0.97201	0.944813	0.326184	0.0607003
1.68919	-19035.4	0.971983	0.944762	0.429051	0.0708642
1.69205	-19013	0.971054	0.942957	0.350659	0.0675266
1.69492	-18994.2	0.970443	0.94177	0.33648	0.0675313
1.69779	-18982.2	0.970131	0.941166	0.318831	0.0648326
1.70068	-18964.3	0.96947	0.939883	0.297461	0.0582787
1.70358	-18965	0.96956	0.940059	0.372083	0.0769814
1.70648	-19027.1	0.971726	0.944258	0.169803	0.0341694
1.7094	-18946	0.968838	0.938659	0.357553	0.073012
1.71233	-18890.9	0.966658	0.934438	0.265263	0.061313
1.71527	-18934.6	0.968624	0.938246	0.379558	0.0781962
1.71821	-18914.3	0.967914	0.93687	0.354765	0.0736917
1.72117	-18912.2	0.967869	0.936782	0.336567	0.0694931
1.72414	-18904.3	0.967622	0.936302	0.304184	0.0635982
1.72712	-18878.5	0.966712	0.934545	0.361539	0.080004
1.7301	-18875	0.966538	0.93421	0.375138	0.0799552
1.7331	-18841	0.965438	0.932084	0.313407	0.0731507
1.73611	-18847.2	0.965481	0.932169	0.406532	0.0949386
1.73913	-18842.2	0.965513	0.932229	0.388297	0.0856652
1.74216	-18832.3	0.965114	0.93146	0.358585	0.0807338
1.7452	-18811.2	0.96432	0.929927	0.395414	0.0827952
1.74825	-18804.2	0.964198	0.929694	0.401078	0.0886474
1.75131	-18784.8	0.963755	0.928838	0.366468	0.0761881
1.75439	-18797.3	0.964055	0.929418	0.411837	0.0877789
1.75747	-18772.3	0.963053	0.927486	0.363407	0.0871769
1.76056	-18769.8	0.962802	0.927004	0.345559	0.0900765
1.76367	-18741.9	0.962053	0.925563	0.409761	0.0933715
1.76678	-18729.3	0.961599	0.924689	0.402821	0.0929273
1.76991	-18713.8	0.960886	0.923316	0.367554	0.0829446
1.77305	-18722.5	0.961587	0.924668	0.447051	0.10012
1.7762	-18683.1	0.959935	0.921491	0.373387	0.0886842
1.77936	-18622.8	0.958155	0.918085	0.436689	0.137525
1.78253	-18676.5	0.959829	0.921292	0.449265	0.110138
1.78571	-18655.3	0.959067	0.919827	0.423251	0.103914
1.78891	-18636.2	0.958239	0.918243	0.444175	0.114472
1.79211	-18640	0.958372	0.918496	0.437452	0.111582
1.79533	-18612.1	0.957511	0.916849	0.472201	0.123677
1.79856	-18612.3	0.957658	0.917131	0.549924	0.1217
1.8018	-18593.9	0.956898	0.915673	0.432183	0.112981
1.80505	-18589.2	0.957004	0.915875	0.395324	0.0999723
1.80832	-18561.4	0.955704	0.91339	0.412695	0.108587
1.81159	-18528.5	0.954879	0.911818	0.521057	0.125926
1.81488	-18520.2	0.954278	0.910666	0.429381	0.109662
1.81818	-18511.1	0.9542	0.910519	0.440181	0.121756
1.82149	-18481.9	0.952648	0.907567	0.489687	0.159388
1.82482	-18473.8	0.952581	0.907434	0.508477	0.127296
1.82815	-18466.4	0.952309	0.906917	0.463735	0.132677
1.8315	-18423.3	0.950758	0.903969	0.550285	0.150787
1.83486	-18420.6	0.950588	0.903644	0.502601	0.14803
1.83824	-18417.6	0.950768	0.903986	0.54393	0.140739
1.84162	-18439	0.951317	0.90502	0.362592	0.0868456
1.84502	-18384.6	0.949426	0.901436	0.500437	0.14291
1.84843	-18376.9	0.949112	0.90084	0.479974	0.144621
1.85185	-18341.1	0.947496	0.897777	0.477411	0.15109
1.85529	-18342.3	0.947786	0.898323	0.460733	0.132356
1.85874	-18317.7	0.947062	0.896959	0.644204	0.174367
1.8622	-18290.6	0.945865	0.894691	0.493594	0.163484
1.86567	-18270.4	0.944844	0.89276	0.512395	0.15671
1.86916	-18261.4	0.944589	0.89228	0.52341	0.173117
1.87266	-18237.2	0.943777	0.890747	0.532752	0.170327
1.87617	-18222.2	0.94312	0.889508	0.545468	0.17147
1.8797	-18198.1	0.942231	0.88783	0.465581	0.167099
1.88324	-18190.9	0.942135	0.887649	0.513502	0.1622
1.88679	-18138.7	0.940255	0.884116	0.633419	0.19698
1.89036	-18145.3	0.940363	0.884315	0.5219	0.174818
1.89394	-18124.8	0.939598	0.882877	0.483033	0.173617
1.89753	-18102.9	0.93848	0.880782	0.555855	0.197657
1.90114	-18077.1	0.937554	0.879044	0.530342	0.187386
1.90476	-18062.4	0.936661	0.877376	0.613261	0.219948
1.9084	-18051.5	0.936825	0.877681	0.604306	0.210086
1.91205	-18010.2	0.935072	0.874398	0.567355	0.199672
1.91571	-17998.3	0.934282	0.872932	0.670117	0.25693
1.91939	-17966.4	0.932871	0.870293	0.613592	0.229265
1.92308	-17952.6	0.932123	0.868896	0.521542	0.219334
1.92678	-17929.5	0.931845	0.868372	0.570017	0.194847
1.9305	-17920.5	0.931628	0.867973	0.564092	0.218912
1.93424	-17881.8	0.929692	0.864369	0.558306	0.218184
1.93798	-17895.2	0.930798	0.866434	0.630831	0.255852
1.94175	-17866	0.929321	0.863683	0.596408	0.234213
1.94553	-17816.1	0.926604	0.858642	0.585166	0.240489
1.94932	-17798	0.926161	0.857827	0.650597	0.267958
1.95313	-17770	0.924875	0.855451	0.62883	0.289637
1.95695	-17757.2	0.924538	0.854831	0.699163	0.307757
1.96078	-17716.7	0.922322	0.850742	0.639515	0.331262
1.96464	-17701.3	0.922149	0.850418	0.692574	0.306266
1.9685	-17645.4	0.919797	0.846092	0.758868	0.329475
1.97239	-17651.7	0.92041	0.847218	0.69912	0.315772
1.97628	-17623.5	0.918964	0.844544	0.646641	0.251589
1.9802	-17531.2	0.914123	0.835699	0.723123	0.398564
1.98413	-17557	0.916443	0.839921	0.626838	0.267424
1.98807	-17551.4	0.915898	0.838927	0.643656	0.292918
1.99203	-17499.6	0.913311	0.834193	0.555279	0.279018
1.99601	-17485.6	0.91279	0.833243	0.664163	0.288101
2	-17458.3	0.911893	0.831615	0.697432	0.332306
2.00401	-17431.1	0.910681	0.829412	0.728396	0.355276
2.00803	-17388.1	0.90751	0.823679	0.805743	0.519763
2.01207	-17369.5	0.907841	0.824259	0.774257	0.418811
2.01613	-17330.6	0.905373	0.81979	0.817326	0.439201
2.0202	-17373.3	0.910506	0.829088	0.603577	0.330896
2.02429	-17314.1	0.905564	0.820136	0.792337	0.44912
2.0284	-17234.8	0.901596	0.812946	0.665073	0.346846
2.03252	-17229.8	0.901825	0.813378	0.703337	0.437818
2.03666	-17186.3	0.898915	0.808148	0.836219	0.494053
2.04082	-17146.8	0.896576	0.803972	0.885195	0.60569
2.04499	-17127.5	0.895894	0.802732	0.792894	0.516062
2.04918	-17083.4	0.893696	0.798795	0.832205	0.496237
2.05339	-17034.6	0.891659	0.795159	0.822358	0.499412
2.05761	-16997.9	0.889006	0.790448	0.837479	0.562411
2.06186	-16968.2	0.888015	0.788682	0.797908	0.539855
2.06612	-16942.6	0.886436	0.785921	0.916534	0.736467
2.07039	-16911.5	0.884412	0.782341	1.05095	0.756934
2.07469	-16849	0.881344	0.776897	0.872552	0.629257
2.079	-16836.1	0.882574	0.779043	0.832922	0.511747
2.08333	-16795.9	0.879165	0.773078	0.910208	0.706465
2.08768	-16736.8	0.875876	0.767292	0.878114	0.635115
2.09205	-16704.7	0.87473	0.765284	0.843295	0.628677
2.09644	-16680.8	0.872086	0.760672	0.78958	0.662441
2.10084	-16511.8	0.861021	0.741551	0.998195	0.923245
2.10526	-16518.7	0.8577	0.736128	1.13832	2.27466
2.1097	-16571.1	0.866396	0.7508	0.865637	0.751155
2.11416	-16409.1	0.854476	0.730412	1.17526	1.33905
2.11864	-16363.7	0.839741	0.705659	1.00503	2.32974
2.12314	-16397.1	0.855089	0.731461	1.02676	1.33097
2.12766	-16348.1	0.851548	0.725308	0.852331	0.820466
2.1322	-16336.8	0.853675	0.728909	0.723931	0.697926
2.13675	-16229.1	0.842451	0.710058	0.962741	1.56345
2.14133	-16263.2	0.850573	0.723641	0.775561	0.781023
2.14592	-16131.7	0.837939	0.702525	1.20537	1.78752
2.15054	-16085.8	0.836704	0.700303	0.941017	1.06359
2.15517	-15987.5	0.822364	0.676744	1.17191	2.14224
2.15983	-16005.3	0.832388	0.693226	1.14139	1.65034
2.1645	-15866.2	0.815242	0.664772	0.874896	0.70001
2.1692	-15927.3	0.825819	0.682533	1.51363	2.56207
2.17391	-15795	0.809024	0.655414	1.3032	4.1104
2.17865	-15839.3	0.821945	0.675937	1.04124	1.57222
2.18341	-15763.5	0.820469	0.673198	0.235238	0.132343
2.18818	-15655.3	0.803363	0.645855	1.18454	2.11731
2.19298	-15538.1	0.787482	0.621283	1.44414	5.26306
2.1978	-15505.8	0.792354	0.628412	1.26573	2.67338
2.20264	-15360.6	0.760418	0.579282	1.19928	4.75277
2.20751	-15371.4	0.764079	0.585075	1.14673	5.70189
2.21239	-15446.5	0.796275	0.634576	1.26859	2.35756
2.21729	-15222.2	0.765656	0.586767	1.26356	2.42503
2.22222	-15204.5	0.762256	0.581834	1.62005	3.59786
2.22717	-15098.9	0.754478	0.570448	1.53137	5.43653
2.23214	-15019.4	0.742086	0.552155	1.62324	6.55532
2.23714	-15068.3	0.756661	0.573	1.4056	2.07799
2.24215	-14799.5	0.714521	0.512227	1.72241	7.52365
2.24719	-14938.1	0.743635	0.553285	1.49246	1.30087
2.25225	-14665.1	0.714376	0.511047	1.14007	3.16885
2.25734	-14618.8	0.706689	0.50046	1.41974	4.65438
2.26244	-14285.2	0.603212	0.368881	1.80335	22.1719
2.26757	-14128	0.532254	0.287141	1.48937	16.9655
2.27273	-14218.4	0.621627	0.391876	2.13744	24.0051
2.2779	-13890.7	0.539053	0.29613	2.2238	24.3733
2.28311	-14014.8	0.583358	0.346035	2.13143	25.0891
2.28833	-14088.7	0.606133	0.371365	1.55754	17.3398
2.29358	-13791.6	0.54088	0.295121	0.957834	11.2016
2.29885	-13826	0.5574	0.321172	1.83718	45.5752
2.30415	-13357.9	0.267562	0.0763541	1.20669	20.6784
2.30947	-13341.2	0.326262	0.146029	1.82687	171.39
2.31481	-13124.2	0.0138759	0.0608102	1.84244	261.868
2.32019	-13030.8	-0.21773	0.0649446	1.19186	75.5889
2.32558	-12936.8	-0.052397	0.00860041	1.20549	25.1763
2.331	-12910.1	0.178286	0.0451356	1.52586	57.2698
2.33645	-12931.5	0.333478	0.11521	1.40062	17.1307
2.34192	-12838	0.233501	0.0721925	1.30189	75.4498
2.34742	-12663.1	0.0752463	0.0094749	0.747984	16.2429
2.35294	-12554.3	-0.0138928	0.016623	1.19647	69.8274
2.35849	-12563.5	0.0732809	0.0399072	1.51565	146.437
2.36407	-12741.8	0.292729	0.0901393	0.830291	18.8188
2.36967	-12454	0.0133241	0.0172665	1.16011	72.1153
2.3753	-12332.8	0.0168547	0.0384804	1.2319	160.807
2.38095	-12334.6	0.226356	0.0542447	1.26933	12.6321
2.38663	-12205.9	0.129579	0.0244153	0.965989	31.9469
2.39234	-12110.3	0.0292005	0.00487947	1.21598	16.832
2.39808	-12034.2	0.0147864	0.00794585	1.07037	32.2225
2.40385	-11969.6	0.0110373	0.0139326	0.976177	57.4526
2.40964	-12087.2	0.197493	0.0474129	0.793184	34.8991
2.41546	-11933.4	0.167809	0.0338404	0.905811	23.5173
2.42131	-11780.5	-0.0735498	0.0208145	0.994674	63.6222
2.42718	-11735.6	0.0615721	0.0117663	1.09463	32.8578
2.43309	-11710	0.0737608	0.0137624	0.945713	34.2025
2.43902	-11670.6	-0.0282387	0.00998773	0.968279	37.6803
2.44499	-11542.4	-0.0438813	0.0106038	0.90043	35.4941
2.45098	-11501.6	-0.0299961	0.0151065	0.845507	57.9635
2.457	-11498.1	-0.109998	0.0143697	0.555005	9.23943
2.46305	-11323.4	-0.0267334	0.00337598	0.817053	10.8049
2.46914	-11339.1	0.0463432	0.00976741	0.996375	30.8599
2.47525	-11298	-0.0568843	0.00862376	0.994999	21.7673
2.48139	-11182.7	-0.0656076	0.00760208	0.944162	13.2898
2.48756	-11161.4	-0.0205041	0.00393768	0.861776	14.1394
2.49377	-11122.1	-0.0314346	0.00724618	0.880455	25.0948
2.5	-11045	-0.0049681	0.00430801	0.859538	17.1333
2.50627	-10998.3	0.040216	0.00597207	0.897237	17.3754
2.51256	-10973.9	-0.0502833	0.00908046	0.836338	26.0772
2.51889	-10855.2	0.00042153	0.00592806	0.861787	23.5337
2.52525	-10817.3	0.0175863	0.00177711	0.53683	5.8126
2.53165	-10785.3	0.00968086	0.00214696	0.863632	8.1103
2.53807	-10768.4	-0.0129664	0.00607133	0.803328	23.2586
2.54453	-10668.5	0.00694202	0.00780269	0.749544	30.4752
2.55102	-10354.6	0.00316927	0.000118997	0.235126	0.427095
2.55754	-10583.5	-0.0439512	0.0063632	0.736141	17.3271
2.5641	-10562.3	-0.0237006	0.00154979	0.531117	3.85347
2.57069	-10526	0.0319142	0.00487284	0.840867	14.9933
2.57732	-10430.8	-0.00786813	0.00366224	0.786271	13.9693
2.58398	-10410.5	-0.0123013	0.00429418	0.754193	16.0329
2.59067	-10361.2	0.00940615	0.00328348	0.72679	12.3327
2.5974	-10318.3	-0.0156621	0.00265024	0.639991	9.25903
2.60417	-10250.2	-0.00354955	0.00432924	0.651367	16.5759
2.61097	-10212.6	0.00954579	0.00406721	0.736387	15.2284
2.6178	-10173.1	9.8604e-05	0.00364676	0.663407	13.9306
2.62467	-10111.2	-0.0215705	0.00301422	0.653213	9.71146
2.63158	-10054.2	0.0055248	0.00288631	0.68688	10.852
2.63852	-10070.5	0.00391821	0.00298919	0.699838	11.2708
2.6455	-9984.23	0.0124622	0.0020861	0.782937	7.29841
2.65252	-10005.7	-0.00480116	0.00211041	0.616132	7.86934
2.65957	-9873.63	-0.0149452	0.00188679	0.651387	6.25452
2.66667	-9844.5	0.00171721	0.00329669	0.594241	12.3515
2.6738	-9805.16	0.0116609	0.00262582	0.652571	9.31203
2.68097	-9761.39	-0.00716898	0.00336567	0.588137	12.3623
2.68817	-9735.09	-0.0131529	0.00192692	0.480539	6.52459
2.69542	-9658.24	-0.00149603	0.00308507	0.565694	11.4373
2.7027	-9569.28	0.0213749	0.0018587	0.550013	5.18671
2.71003	-9588.14	-0.000327046	0.00195249	0.473961	7.20429
2.71739	-9524.25	0.0107653	0.00266681	0.506968	9.38739
2.7248	-9484.94	-0.00189345	0.00238864	0.573462	8.75316
2.73224	-9435.31	0.00628015	0.00279757	0.537739	10.0948
2.73973	-9397.09	0.00245027	0.00173869	0.587843	6.32429
2.74725	-9354.82	-0.00284699	0.00215664	0.535983	7.82065
2.75482	-9312.26	0.00617669	0.00228034	0.541626	8.13914
2.76243	-9292.05	-0.00469255	0.00243973	0.55337	8.75212
2.77008	-9250.04	0.00469721	0.00223746	0.529292	7.99759
2.77778	-9198.7	-0.000926675	0.00126446	0.505494	4.54897
2.78552	-9147.27	-0.0101471	0.0017123	0.511334	5.77751
2.7933	-9115.4	0.00439617	0.00172282	0.4948	6.0985
2.80112	-9128.96	0.00941027	0.00174878	0.519236	5.927
2.80899	-9039.29	-0.00333417	0.00182829	0.506568	6.46915
2.8169	-9003.25	0.00840872	0.00135042	0.490557	4.54299
2.82486	-8960.08	0.00635203	0.00192208	0.505142	6.66134
2.83286	-8918.96	0.0123727	0.00104707	0.446397	3.15575
2.84091	-8852.1	0.0109529	0.00141778	0.494797	4.5683
2.849	-8827.8	-0.000671463	0.00135147	0.49676	4.74207
2.85714	-8787.67	0.000356519	0.00171799	0.480067	6.01251
2.86533	-8748.14	0.00353828	0.00159633	0.464044	5.52749
2.87356	-8690.68	0.00157128	0.00108189	0.516017	3.7564
2.88184	-8682.65	-0.00434787	0.00184193	0.524568	6.32591
2.89017	-8632.21	-0.00734932	0.00164431	0.468902	5.50243
2.89855	-8590.03	-0.00303788	0.00106996	0.444626	3.65951
2.90698	-8572.45	-0.000270608	0.00142889	0.435434	4.91513
2.91545	-8512	0.00564759	0.0013035	0.445383	4.36159
2.92398	-8486.61	0.00293762	0.00105895	0.456353	3.59211
2.93255	-8461.82	0.000731866	0.00127892	0.430113	4.35928
2.94118	-8414.08	0.00397483	0.00114511	0.502431	3.83964
2.94985	-8385.09	0.00126176	0.00131744	0.438524	4.46072
2.95858	-8386.17	-0.00864307	0.000683193	0.496276	2.0567
2.96736	-8303.23	0.00185123	0.00122839	0.359743	4.12813
2.97619	-8282.23	-0.00340377	0.00125814	0.376745	4.18842
2.98507	-8220.9	-0.0100956	0.00158945	0.411046	4.98323
2.99401	-8190.56	0.00069125	0.00133839	0.400735	4.46864
3.003	-8149.09	-0.000663176	0.00125743	0.422477	4.18578
3.01205	-8105.08	-0.000297624	0.000895851	0.448988	2.97393
3.02115	-8079.47	-0.00114252	0.000853295	0.358735	2.82009
3.0303	-8075.43	-0.00930118	0.00106483	0.341867	3.22846
3.03951	-8025.57	0.00205461	0.00111804	0.397911	3.66447
3.04878	-7980	0.00276054	0.00116931	0.365868	3.81033
3.0581	-7947.68	-0.00174047	0.000975545	0.37639	3.18013
3.06748	-7900.46	0.00261804	0.00106895	0.351011	3.46242
3.07692	-7876.28	-0.00137248	0.000945411	0.374355	3.06646
3.08642	-7841.24	0.000998883	0.000895122	0.348888	2.89696
3.09598	-7802.79	0.00581128	0.00100362	0.360993	3.13261
3.10559	-7777.51	0.0049828	0.000388626	0.384578	1.17143
3.11526	-7737.78	0.000638155	0.000980305	0.337828	3.14547
3.125	-7718.35	0.00445215	0.000967608	0.32631	3.03292
3.1348	-7674.02	0.00151656	0.000889148	0.341055	2.82904
3.14465	-7754.46	-0.0189156	0.000443559	0.334415	0.272713
3.15457	-7596.39	0.00317431	0.000837495	0.333615	2.62292
3.16456	-7566.76	0.000730088	0.000978682	0.326985	3.09095
3.1746	-7530.06	-0.00397818	0.00111177	0.312227	3.45222
3.18471	-7494.69	0.00252491	0.000798868	0.328938	2.48843
3.19489	-7460.78	-0.000532849	0.000784514	0.344434	2.45464
3.20513	-7425.32	-0.00329781	0.000892603	0.332565	2.75099
3.21543	-7405.34	0.00158298	0.000760239	0.319565	2.35655
3.22581	-7369.56	-0.00110257	0.00081364	0.311319	2.51852
3.23625	-7330.86	0.001295	0.000730547	0.316988	2.25221
3.24675	-7304.24	-0.00939038	0.000774159	0.311373	2.11282
3.25733	-7271.83	-0.00227604	0.000764296	0.287067	2.33048
3.26797	-7235.85	-0.00238267	0.000763114	0.297683	2.31776
3.27869	-7204	0.00192942	0.000746776	0.302022	2.26631
3.28947	-7173.44	0.000589261	0.000754761	0.27423	2.29342
3.30033	-7179.15	-0.00427746	0.000653443	0.346744	1.92449
3.31126	-7120.94	-0.00165363	0.0010159	0.281885	3.05975
3.32226	-7069.69	0.00149142	0.000762556	0.28742	2.2886
3.33333	-7049.61	0.000288331	0.00066017	0.293202	1.98026
3.34448	-7004.78	0.000773114	0.000597558	0.280783	1.78491
3.3557	-6980.36	-0.00055911	0.000733253	0.278262	2.18416
3.367	-7021.01	0.0226439	0.000865186	0.361537	1.04675
3.37838	-6925.82	-0.00415706	0.000714411	0.269152	2.0635
3.38983	-6889.11	0.00153525	0.000656295	0.260186	1.92912
3.40136	-6851.87	-0.00262933	0.000695802	0.280196	2.02533
3.41297	-6826	0.00142845	0.000643104	0.256464	1.87832
3.42466	-6792.86	-0.000727202	0.000696996	0.270946	2.03368
3.43643	-6755.48	-0.00171506	0.00080051	0.271613	2.32092
3.44828	-6731.4	0.00120228	0.000630323	0.260593	1.82374
3.46021	-6721.11	-0.002099	0.000582064	0.270628	1.66943
3.47222	-6617.84	-0.00783825	0.000767086	0.225244	2.03227
3.48432	-6642.67	-0.00115147	0.000617675	0.255114	1.76892
3.4965	-6585.34	0.00188728	0.000686278	0.237732	1.95257
3.50877	-6584.49	-0.000211186	0.000633937	0.249292	1.80659
3.52113	-6556.83	-0.00177786	0.000653093	0.263028	1.84581
3.53357	-6519.09	-9.0762e-05	0.000633055	0.243708	1.79152
3.5461	-6490.67	-0.00173081	0.00059219	0.242512	1.66153
3.55872	-6453.37	-0.00051722	0.000574516	0.230235	1.61364
3.57143	-6426.97	0.00208742	0.000563662	0.23517	1.56605
3.58423	-6449.85	-0.0125609	0.000744574	0.235348	1.63717
3.59712	-6365.26	-0.00434012	0.000597187	0.21481	1.60781
3.61011	-6334.08	-0.00148556	0.000617893	0.243807	1.70545
3.62319	-6308.53	0.00198537	0.000530613	0.236646	1.45361
3.63636	-6277.8	-0.00114954	0.000500157	0.239249	1.3718
3.64964	-6251.75	0.00107198	0.000559011	0.219299	1.52854
3.663	-6210.17	0.000931783	0.000735879	0.198324	2.00658
3.67647	-6189.19	-0.0066661	0.00063297	0.209689	1.60081
3.69004	-6149.89	-0.00645511	0.000539488	0.218621	1.34909
3.7037	-6141.64	0.0022399	0.000610529	0.21944	1.63488
3.71747	-6100.77	-0.00016215	0.000506486	0.205053	1.36238
3.73134	-6077.94	-0.000315647	0.00047521	0.218857	1.2733
3.74532	-6045.63	0.00356296	0.000543468	0.201335	1.41717
3.7594	-6015.29	0.000150266	0.000486485	0.196656	1.29399
3.77358	-5991.6	0.000949546	0.000489803	0.201688	1.29559
3.78788	-5957.73	-3.83422e-05	0.000522526	0.200996	1.37947
3.80228	-5933.73	-0.00224931	0.000460723	0.190469	1.1984
3.81679	-5911.62	0.00011182	0.000473515	0.203629	1.24058
3.83142	-5874.17	-0.00276047	0.000467391	0.182725	1.2
3.84615	-5859.05	0.00502464	0.000372256	0.19184	0.902223
3.861	-5825.43	-0.000316261	0.000452653	0.188062	1.17211
3.87597	-5792.05	-0.00105699	0.000455287	0.185088	1.17176
3.89105	-5763.45	-0.00089903	0.000484733	0.188758	1.24369
3.90625	-5740.59	0.000163549	0.000481308	0.189158	1.23208
3.92157	-5706.74	0.000269504	0.000446907	0.181658	1.13943
3.93701	-5686.8	-0.000606102	0.000453323	0.177348	1.15051
3.95257	-5655.3	-6.85721e-05	0.000453568	0.177004	1.14751
3.96825	-5625.99	-0.000959954	0.000409733	0.172111	1.0302
3.98406	-5607.61	0.000384924	0.000409886	0.175534	1.02844
4	-5573.67	6.41346e-05	0.000435548	0.177956	1.08886
4.01606	-5549.89	0.00287977	0.000408078	0.151076	0.995465
4.03226	-5509.74	-0.000867671	0.000402637	0.169704	0.996673
4.04858	-5484.08	-0.000152828	0.000405059	0.162548	1.00044
4.06504	-5461.17	7.30972e-05	0.000417797	0.167286	1.02777
4.08163	-5434.62	-0.00213215	0.000412339	0.159628	0.999093
4.09836	-5408.39	0.000496458	0.000420269	0.160839	1.02485
4.11523	-5380.25	0.000476337	0.000411233	0.158799	0.998746
4.13223	-5353.65	0.00156964	0.000324959	0.144111	0.780438
4.14938	-5328.83	0.000448519	0.000410745	0.156506	0.98941
4.16667	-5305.24	0.00247862	0.000410576	0.13506	0.970639
4.1841	-5275.47	-0.000389001	0.000393739	0.153857	0.940675
4.20168	-5253.96	0.00135466	0.000424938	0.152114	1.00698
4.21941	-5221.75	0.00175991	0.000397866	0.150326	0.935602
4.23729	-5191.95	-0.00192427	0.000393676	0.140332	0.920337
4.25532	-5167.03	0.000178291	0.000353185	0.147326	0.829911
4.2735	-5144.03	-0.000568825	0.00034903	0.139434	0.815973
4.29185	-5120.99	-0.000912438	0.000397895	0.140216	0.925155
4.31034	-5109.89	0.00386922	0.000369375	0.144313	0.822217
4.329	-5078.93	-0.00126699	0.000383708	0.131736	0.882658
4.34783	-5036.14	0.000235964	0.000369275	0.132341	0.849204
4.36681	-5016.99	0.000523007	0.000352839	0.142904	0.807376
4.38596	-4989.86	0.000932916	0.000370156	0.140945	0.841971
4.40529	-4961	0.00129807	0.000327207	0.141645	0.738935
4.42478	-4934.58	-0.00017725	0.000347698	0.131623	0.785727
4.44444	-4902.68	0.000283088	0.00028566	0.130311	0.642555
4.46429	-4880.44	0.00278792	0.000331202	0.130311	0.724483
4.4843	-4860.64	-0.00243429	0.00032568	0.144427	0.713053
4.5045	-4831.78	0.00129173	0.000363931	0.125274	0.804223
4.52489	-4804.36	-0.000442017	0.000349562	0.120788	0.772101
4.54545	-4776.33	-0.000790812	0.000332248	0.115182	0.72957
4.56621	-4754.78	0.0013257	0.000304974	0.120729	0.664045
4.58716	-4728.64	0.00117225	0.000339325	0.119583	0.736732
4.60829	-4707.05	-0.00191019	0.000338048	0.115162	0.725646
4.62963	-4676.89	-0.00117456	0.000325447	0.115525	0.699986
4.65116	-4655.62	-0.000423151	0.000326286	0.112873	0.70113
4.6729	-4626.64	0.000335544	0.000312306	0.116286	0.668095
4.69484	-4609.17	-7.66612e-05	0.000305654	0.11846	0.651031
4.71698	-4580.21	7.68204e-05	0.000318765	0.112524	0.67577
4.73934	-4554.2	-9.0837e-06	0.000299181	0.10795	0.631273
4.7619	-4536.42	-0.000396034	0.0003368	0.107612	0.706951
4.78469	-4510.87	-0.000901678	0.000283795	0.11212	0.591433
4.80769	-4481.67	-0.000220166	0.000297164	0.107677	0.618
4.83092	-4455.06	0.000678197	0.000304754	0.105954	0.629889
4.85437	-4421.59	0.00145037	0.000328201	0.101796	0.671761
4.87805	-4401.34	0.00227363	0.000290359	0.108157	0.584638
4.90196	-4376.74	-1.34211e-05	0.000285834	0.103911	0.583102
4.92611	-4341.5	0.00319165	0.000319691	0.105199	0.628293
4.9505	-4337.91	-0.00193082	0.000227113	0.0964413	0.451238
4.97512	-4285.03	0.00201031	0.000242608	0.0973394	0.479519
5	-4278.54	0.000523505	0.000291025	0.0968723	0.581501
5.02513	-4254.35	-0.000368512	0.000277172	0.0964229	0.551302
5.05051	-4229.9	-0.000153056	0.00026536	0.0893412	0.525366
5.07614	-4214.43	-0.000404742	0.000267552	0.0935712	0.526755
5.10204	-4186.34	5.31427e-05	0.0002873	0.0909737	0.563103
5.12821	-4078.02	0.00274568	0.00016654	0.0947086	0.310052
5.15464	-4122.99	0.00191845	0.000256152	0.0992021	0.489794
5.18135	-4110.65	4.91588e-05	0.000271537	0.0865433	0.524062
5.20833	-4090	0.000808843	0.000277437	0.0873439	0.531423
5.2356	-4067.57	0.00025623	0.000282777	0.0925017	0.539979
5.26316	-4035.05	0.000642726	0.000252696	0.0866533	0.479338
5.29101	-4016.78	0.000616037	0.000278064	0.0848029	0.524823
5.31915	-3996.51	0.00341414	0.000271982	0.088474	0.489412
5.34759	-3966.99	0.00044148	0.000262218	0.0839757	0.489983
5.37634	-3941.86	-0.00137425	0.000256186	0.0832543	0.472993
5.40541	-3923.96	0.000105132	0.000248919	0.0827794	0.460479
5.43478	-3900.06	-0.000972982	0.0002401	0.0813794	0.440041
5.46448	-3887.41	0.000883444	0.000258631	0.0787462	0.471866
5.49451	-3854.07	-6.4428e-05	0.000262765	0.0774292	0.478224
5.52486	-3825.16	-0.000199539	0.000239079	0.0775581	0.432661
5.55556	-3801.45	-0.000472019	0.000248513	0.0758671	0.446923
5.58659	-3787.81	-0.000302389	0.000270949	0.074804	0.484835
5.61798	-3757.3	0.000166531	0.000244519	0.0747972	0.435194
5.64972	-3731.9	-0.000240908	0.000243371	0.0735804	0.430664
5.68182	-3701.56	-0.000470079	0.000230078	0.0718017	0.404548
5.71429	-3686.52	-6.08113e-05	0.000245246	0.0698862	0.429175
5.74713	-3658.44	0.000341101	0.000268405	0.0726147	0.466822
5.78035	-3638.18	0.0004161	0.000238847	0.068685	0.412907
5.81395	-3620.55	0.000118797	0.000244469	0.0674259	0.420463
5.84795	-3589.61	-0.000128466	0.000242242	0.0673963	0.414206
5.88235	-3577.77	0.000860216	0.000206036	0.063877	0.349004
5.91716	-3547.53	0.000283579	0.000234267	0.0642752	0.395775
5.95238	-3538.38	-0.000710699	0.000225008	0.0663211	0.377165
5.98802	-3501.21	0.000351316	0.000220806	0.0648115	0.36854
6.0241	-3476.96	-0.00012153	0.000221775	0.066099	0.368122
6.06061	-3454.12	0.00131884	0.000232307	0.0642616	0.380437
6.09756	-3434.15	-0.000105832	0.000223133	0.0636141	0.365919
6.13497	-3412.3	0.000571203	0.000235655	0.0608225	0.383586
6.17284	-3384.54	-0.000953276	0.000224569	0.0593453	0.362329
6.21118	-3354.47	0.000176043	0.000211174	0.0582927	0.339941
6.25	-3339.65	-0.000230487	0.00022099	0.0582582	0.353499
6.28931	-3319.58	-0.000336129	0.000217681	0.0578055	0.345932
6.32911	-3295.76	-0.00043445	0.000216224	0.0568248	0.341336
6.36943	-3270.38	-0.000504987	0.000209792	0.0564874	0.328973
6.41026	-3248.55	-0.00209764	0.000192399	0.0515993	0.293278
6.45161	-3225.56	7.70179e-05	0.000199164	0.0549662	0.308695
6.49351	-3207.09	-0.000327085	0.000209597	0.0539345	0.322615
6.53595	-3202.44	-0.0012262	0.000187472	0.0554128	0.284532
6.57895	-3155.93	0.000595703	0.000190623	0.0510711	0.289207
6.62252	-3137.77	9.63716e-05	0.000206426	0.0510561	0.311689
6.66667	-3116.96	-0.000409389	0.000203555	0.0513967	0.305082
6.71141	-3126.16	0.00064541	0.000229584	0.0490797	0.341459
6.75676	-3072.01	-0.000227891	0.00020662	0.0502971	0.305721
6.80272	-3046.38	0.000124826	0.00020439	0.0482334	0.30043
6.84932	-3026.38	-0.000608564	0.000210499	0.0496901	0.306788
6.89655	-3006.1	-0.000125435	0.000202665	0.0465327	0.293842
6.94444	-2981.9	0.000461593	0.000196322	0.0458196	0.282396
6.99301	-2963.59	-0.000117375	0.000200832	0.0451504	0.287169
7.04225	-2941.16	-0.000179644	0.000178281	0.0408332	0.253113
7.0922	-2919.13	-0.000343598	0.000198496	0.0435995	0.279713
7.14286	-2892.91	1.68689e-05	0.000190698	0.0420193	0.266976
7.19424	-2874.19	-0.000270459	0.000209759	0.0423201	0.291463
7.24638	-2862.24	-0.00346058	0.000152815	0.0398502	0.194358
7.29927	-2825.56	-4.96001e-05	0.000189201	0.0408029	0.259202
7.35294	-2809	3.2798e-05	0.000179493	0.0407047	0.244109
7.40741	-2784.47	0.000227847	0.000188448	0.0410888	0.254335
7.46269	-2762.56	-7.88175e-06	0.000189724	0.0399137	0.25423
7.5188	-2738.76	0.0014658	0.000173447	0.0389734	0.227827
7.57576	-2721.26	-0.000267413	0.000186044	0.037991	0.245484
7.63359	-2697.89	0.000450233	0.000184914	0.0351723	0.241972
7.69231	-2674.75	-7.16341e-05	0.000181597	0.0374221	0.23607
7.75194	-2651.31	-0.0012267	0.000194098	0.0350261	0.248445
7.8125	-2632.4	7.88469e-05	0.000183884	0.0341637	0.235364
7.87402	-2611.83	-0.000134698	0.000180802	0.0352188	0.229595
7.93651	-2583.62	8.62525e-05	0.000174468	0.0350562	0.21982
8	-2569.29	0.000236932	0.000173127	0.0349527	0.216339
8.06452	-2551.41	-0.000685988	0.000173413	0.0337574	0.214449
8.13008	-2522.5	0.000522733	0.000177574	0.0320742	0.21808
8.19672	-2506.35	0.000464253	0.000187677	0.031681	0.228702
8.26446	-2480.56	0.000201743	0.000174931	0.0306385	0.211617
8.33333	-2455.24	-0.000378175	0.000176881	0.0309852	0.212086
8.40336	-2439.77	0.000152236	0.00016694	0.0300474	0.198631
8.47458	-2451.25	-0.00136946	0.000178491	0.0291394	0.208406
8.54701	-2399.92	-0.000431667	0.000164465	0.0283583	0.192206
8.62069	-2368.31	8.93797e-05	0.00017492	0.0286556	0.202898
8.69565	-2355.98	-0.000578547	0.000169487	0.0282442	0.194525
8.77193	-2330.43	-0.000329048	0.000165972	0.0271563	0.189085
8.84956	-2328.14	-0.0016669	0.000196143	0.0297547	0.218502
8.92857	-2286.68	0.000335908	0.000173976	0.0267849	0.194727
9.00901	-2270.22	-0.000120905	0.000164601	0.026881	0.182691
9.09091	-2268.7	0.00136617	0.000189715	0.0288953	0.206633
9.17431	-2224.27	-0.00204211	0.000139034	0.0232168	0.147001
9.25926	-2201.27	-0.000225268	0.000168415	0.0250289	0.181834
9.34579	-2180.02	6.49885e-05	0.000162424	0.0241649	0.173789
9.43396	-2159.69	-2.9524e-05	0.000154972	0.0230386	0.164269
9.52381	-2141.97	0.000280965	0.000152675	0.022754	0.160226
9.61538	-2123.39	0.00029959	0.000156721	0.0224686	0.162896
9.70874	-2096.5	0.000372578	0.000170609	0.0224878	0.175584
9.80392	-2076.58	2.28137e-05	0.000155699	0.0218678	0.158813
9.90099	-2060.6	-0.00240792	0.00014227	0.0221131	0.137837
