1/beta	E	M	C	X
1	-4993.18	0.999307	0.998614	0.0206664	0.00137199
1.001	-4992.56	0.99924	0.998481	0.023049	0.00152829
1.002	-4992.15	0.999205	0.99841	0.0203961	0.00135968
1.00301	-4992.45	0.999226	0.998454	0.0262233	0.00181354
1.00402	-4991.96	0.999187	0.998375	0.0251893	0.0016491
1.00503	-4991.51	0.999125	0.998252	0.0268676	0.00190233
1.00604	-4991.89	0.999184	0.99837	0.0316713	0.00205786
1.00705	-4992.13	0.999189	0.99838	0.0264992	0.00180539
1.00806	-4992.53	0.999241	0.998484	0.0221443	0.00148402
1.00908	-4994.95	0.99949	0.99898	0.0188803	0.00125646
1.0101	-4992.52	0.999224	0.99845	0.0255829	0.00179728
1.01112	-4992.56	0.999245	0.998491	0.0211172	0.00141582
1.01215	-4993.74	0.99937	0.998741	0.0170804	0.00110859
1.01317	-4994.01	0.999392	0.998785	0.0167467	0.00111868
1.0142	-4991.71	0.999145	0.998291	0.0224445	0.00156834
1.01523	-4992.14	0.999192	0.998386	0.0264799	0.0018277
1.01626	-4991.27	0.999107	0.998216	0.0280978	0.00193003
1.01729	-4992.46	0.99921	0.998422	0.022457	0.00165884
1.01833	-4993.19	0.999308	0.998616	0.0201394	0.00136048
1.01937	-4993.01	0.999286	0.998574	0.0192864	0.00133069
1.02041	-4996.17	0.999617	0.999235	0.0151928	0.000968928
1.02145	-4990.82	0.999065	0.998133	0.0283236	0.00191045
1.02249	-4991.85	0.999178	0.998357	0.021898	0.00145884
1.02354	-4994.02	0.99939	0.998781	0.029563	0.0019575
1.02459	-4990.79	0.999055	0.998112	0.0295773	0.00205365
1.02564	-4992.5	0.99924	0.998481	0.025904	0.00173593
1.02669	-4995.27	0.99952	0.99904	0.0155005	0.00107224
1.02775	-4991.95	0.999126	0.998253	0.030271	0.00291372
1.02881	-4989.91	0.998971	0.997944	0.0330339	0.0022713
1.02987	-4991.09	0.99909	0.998181	0.0263917	0.0018486
1.03093	-4991.55	0.999144	0.998289	0.0324447	0.00213964
1.03199	-4989.46	0.998878	0.997759	0.0317117	0.00251803
1.03306	-4991.04	0.999089	0.998179	0.0253482	0.00173042
1.03413	-4992.43	0.999235	0.998471	0.0197724	0.00132711
1.0352	-4991.16	0.999089	0.99818	0.027279	0.00197027
1.03627	-4990.84	0.999061	0.998123	0.0296658	0.00210204
1.03734	-4990.11	0.998983	0.997967	0.0309355	0.00220562
1.03842	-4989.85	0.998963	0.997928	0.0301395	0.00207974
1.0395	-4990.73	0.999054	0.99811	0.0253938	0.00176298
1.04058	-4989.11	0.998886	0.997774	0.0350339	0.00247623
1.04167	-4989.36	0.998918	0.997839	0.0274968	0.00188991
1.04275	-4990.94	0.999076	0.998153	0.0270538	0.00188664
1.04384	-4989.93	0.998965	0.997932	0.0306874	0.00222259
1.04493	-4988.07	0.998773	0.997548	0.0350124	0.00249835
1.04603	-4990.9	0.999073	0.998147	0.0297619	0.00208326
1.04712	-4988.82	0.998859	0.997721	0.0340666	0.00238423
1.04822	-4989.44	0.998917	0.997836	0.0318387	0.00228353
1.04932	-4989.62	0.998937	0.997877	0.0322997	0.0023123
1.05042	-4989.91	0.998965	0.997932	0.0297458	0.00211417
1.05152	-4988.65	0.998846	0.997694	0.0295922	0.00204682
1.05263	-4992.52	0.999248	0.998497	0.0239474	0.00158932
1.05374	-4989.19	0.998899	0.9978	0.0313198	0.00220894
1.05485	-4988.82	0.998856	0.997713	0.0304127	0.00217014
1.05597	-4988.78	0.998847	0.997697	0.0335049	0.00243356
1.05708	-4988.91	0.998878	0.997758	0.0309119	0.00209071
1.0582	-4990.11	0.998991	0.997984	0.0255476	0.00179701
1.05932	-4990.49	0.999023	0.998048	0.0305291	0.00222084
1.06045	-4988.59	0.998834	0.99767	0.0320124	0.00229425
1.06157	-4988.79	0.998846	0.997694	0.04429	0.00320983
1.0627	-4988.56	0.998832	0.997667	0.0318228	0.00231247
1.06383	-4988.81	0.998848	0.997698	0.0328942	0.00242241
1.06496	-4989.81	0.998945	0.997893	0.0310523	0.00242867
1.0661	-4988.5	0.998824	0.997651	0.0340302	0.00244148
1.06724	-4988.08	0.998773	0.997548	0.0388014	0.00283376
1.06838	-4994.82	0.999472	0.998944	0.00556428	0.000414813
1.06952	-4988.01	0.998751	0.997505	0.0389216	0.00306451
1.07066	-4988.9	0.998846	0.997695	0.0254108	0.00188443
1.07181	-4989.31	0.998903	0.997808	0.0276462	0.00199133
1.07296	-4987.35	0.998707	0.997416	0.0337051	0.00244954
1.07411	-4988.36	0.998795	0.997592	0.0344603	0.00266205
1.07527	-4987.18	0.998688	0.99738	0.0352014	0.00255971
1.07643	-4987.73	0.998744	0.99749	0.0373303	0.00274239
1.07759	-4987.63	0.99874	0.997483	0.0325387	0.00232367
1.07875	-4991.38	0.999138	0.998278	0.0263565	0.001777
1.07991	-4986.47	0.998616	0.997235	0.0391174	0.00284434
1.08108	-4987.13	0.998684	0.997371	0.0318909	0.00232993
1.08225	-4985.79	0.998544	0.997091	0.037867	0.0027763
1.08342	-4986.43	0.998603	0.99721	0.0380975	0.00284078
1.0846	-4986.28	0.998589	0.997181	0.0384082	0.00287343
1.08578	-4984.79	0.998448	0.9969	0.0339216	0.00246684
1.08696	-4985.79	0.998543	0.997089	0.0387569	0.00285912
1.08814	-4985.08	0.998462	0.996927	0.0460451	0.00350191
1.08932	-4985.87	0.998556	0.997115	0.0356047	0.0026178
1.09051	-4986.43	0.9986	0.997203	0.0379373	0.00289598
1.0917	-4985.51	0.998513	0.997029	0.0407596	0.00307151
1.0929	-4984.78	0.998437	0.996877	0.0455742	0.00347279
1.09409	-4985.18	0.998469	0.996942	0.0419731	0.00319097
1.09529	-4985.29	0.998461	0.996925	0.0394642	0.00323388
1.09649	-4985.61	0.998517	0.997037	0.0403194	0.00305853
1.09769	-4986.6	0.99864	0.997283	0.0391341	0.00285072
1.0989	-4983.32	0.99827	0.996545	0.0430513	0.00324675
1.10011	-4984.77	0.998432	0.996869	0.0421487	0.00324502
1.10132	-4986.27	0.998584	0.997172	0.0379746	0.00290701
1.10254	-4984.68	0.99842	0.996845	0.0380381	0.00288292
1.10375	-4985.05	0.99845	0.996904	0.0380841	0.0030114
1.10497	-4984.71	0.998429	0.996862	0.0409435	0.00310365
1.10619	-4984.54	0.998406	0.996816	0.0413538	0.00319754
1.10742	-4985.08	0.998474	0.996952	0.0346703	0.00258112
1.10865	-4987.54	0.998731	0.997464	0.035123	0.002554
1.10988	-4984.69	0.998425	0.996854	0.0398021	0.00307185
1.11111	-4983.29	0.998274	0.996553	0.0455957	0.00354359
1.11235	-4983.87	0.998333	0.99667	0.0426183	0.0033667
1.11359	-4984.79	0.998425	0.996854	0.0313813	0.00254556
1.11483	-4984.44	0.998401	0.996805	0.0278839	0.00219761
1.11607	-4982.63	0.998206	0.996416	0.0482054	0.0037895
1.11732	-4984.46	0.998394	0.996791	0.0434431	0.00336213
1.11857	-4984.44	0.998382	0.996768	0.041972	0.00331977
1.11982	-4982.64	0.998206	0.996416	0.0430234	0.00342388
1.12108	-4983.28	0.998265	0.996535	0.0479381	0.00379828
1.12233	-4982.77	0.998217	0.996439	0.0476711	0.00385352
1.1236	-4981.92	0.998111	0.996228	0.0456489	0.00371954
1.12486	-4982.88	0.998216	0.996437	0.0470979	0.00383452
1.12613	-4981.76	0.998114	0.996232	0.0412508	0.00333633
1.1274	-4980.45	0.997987	0.995979	0.0562616	0.00439325
1.12867	-4982.13	0.998145	0.996295	0.0526714	0.00430663
1.12994	-4980.27	0.997955	0.995915	0.0525024	0.00419357
1.13122	-4983.97	0.998367	0.996739	0.0392676	0.0028888
1.1325	-4980.33	0.997979	0.995963	0.0393099	0.00305403
1.13379	-4979.64	0.997897	0.995801	0.0600843	0.00472689
1.13507	-4980.39	0.997982	0.995971	0.0503762	0.00394177
1.13636	-4982.47	0.998186	0.996377	0.0421028	0.0033792
1.13766	-4980.51	0.997999	0.996003	0.0463907	0.00362048
1.13895	-4980.87	0.99802	0.996047	0.0499318	0.00406774
1.14025	-4976.33	0.997552	0.995114	0.0722444	0.00619371
1.14155	-4979.37	0.997874	0.995754	0.0501615	0.00393131
1.14286	-4980.18	0.997956	0.995917	0.0448311	0.00356017
1.14416	-4978.67	0.99775	0.995507	0.06574	0.00556427
1.14548	-4979.44	0.997874	0.995754	0.0561692	0.00451938
1.14679	-4978.93	0.997822	0.995651	0.0538647	0.00432015
1.14811	-4978.04	0.99773	0.995468	0.0613967	0.00487925
1.14943	-4979.94	0.997927	0.99586	0.0483919	0.00392731
1.15075	-4978.79	0.997809	0.995626	0.0526653	0.00424742
1.15207	-4979.64	0.9979	0.995807	0.0507511	0.00406292
1.1534	-4978.46	0.997767	0.995541	0.0536004	0.00441995
1.15473	-4978.57	0.997769	0.995546	0.0513076	0.00437903
1.15607	-4977.18	0.997646	0.995299	0.055845	0.00443571
1.15741	-4978.16	0.997735	0.995476	0.0546719	0.00450301
1.15875	-4982.99	0.998299	0.996602	0.00505449	0.000366055
1.16009	-4977.36	0.997634	0.995275	0.059912	0.0051405
1.16144	-4977.06	0.997619	0.995247	0.0571482	0.00481437
1.16279	-4976.38	0.99755	0.995108	0.0579569	0.00480174
1.16414	-4975.47	0.997443	0.994895	0.0628302	0.00539428
1.1655	-4984.88	0.998425	0.996854	0.035973	0.00295508
1.16686	-4978	0.997716	0.99544	0.0602933	0.00509234
1.16822	-4976.6	0.997566	0.995141	0.0556646	0.00469514
1.16959	-4977.63	0.997688	0.995382	0.0542344	0.00445842
1.17096	-4975.26	0.997418	0.994845	0.0636225	0.00546141
1.17233	-4976.63	0.997576	0.99516	0.0566458	0.00475395
1.17371	-4976.39	0.997559	0.995126	0.0593128	0.00486968
1.17509	-4977.69	0.997689	0.995385	0.0556845	0.00459153
1.17647	-4975.27	0.997429	0.994866	0.060762	0.00519523
1.17786	-4974.69	0.997368	0.994745	0.0645506	0.00563383
1.17925	-4975.79	0.997495	0.994999	0.0575306	0.00477447
1.18064	-4973.79	0.997276	0.994563	0.0564176	0.00478257
1.18203	-4974.21	0.997311	0.994632	0.0623047	0.00532984
1.18343	-4971.07	0.996986	0.993985	0.0747268	0.00646905
1.18483	-4973.67	0.997265	0.994539	0.0574038	0.00490918
1.18624	-4973.44	0.997222	0.994455	0.0653183	0.00582419
1.18765	-4973.19	0.997204	0.994418	0.0636216	0.00546536
1.18906	-4972.44	0.997098	0.994207	0.0689172	0.00595581
1.19048	-4973.19	0.997176	0.994362	0.0681335	0.00626328
1.1919	-4971.37	0.997025	0.994062	0.0653546	0.0054261
1.19332	-4973.42	0.997223	0.994456	0.0641043	0.00551798
1.19474	-4971.67	0.997052	0.994116	0.0683813	0.00586677
1.19617	-4973.5	0.997259	0.994527	0.0598761	0.00512734
1.1976	-4972.26	0.997099	0.99421	0.0666143	0.00586053
1.19904	-4969.79	0.996818	0.993649	0.0702665	0.00640578
1.20048	-4971.42	0.997015	0.994043	0.0687485	0.00599527
1.20192	-4971.57	0.997037	0.994086	0.0728234	0.00635007
1.20337	-4971.27	0.997008	0.994028	0.0671852	0.00586829
1.20482	-4969.66	0.996837	0.993687	0.0690992	0.00602219
1.20627	-4971.61	0.997039	0.99409	0.0692042	0.00611396
1.20773	-4969.86	0.996828	0.993669	0.0728984	0.0066611
1.20919	-4969.43	0.996796	0.993605	0.0703884	0.0063723
1.21065	-4970.02	0.996864	0.993741	0.0638493	0.00559773
1.21212	-4970.01	0.996899	0.993811	0.0709315	0.00598269
1.21359	-4968.79	0.996751	0.993515	0.0731865	0.00651862
1.21507	-4968.76	0.996737	0.993489	0.07038	0.00625413
1.21655	-4968.15	0.996678	0.993369	0.0703132	0.00624751
1.21803	-4969.45	0.996828	0.993668	0.0513317	0.00453271
1.21951	-4968.06	0.996672	0.993359	0.068604	0.0060855
1.221	-4967.59	0.996619	0.993253	0.0790476	0.00707015
1.22249	-4967.71	0.996636	0.993287	0.0799652	0.00717784
1.22399	-4967.66	0.996626	0.993267	0.0731704	0.00655908
1.22549	-4968.83	0.996757	0.993528	0.0699045	0.00621728
1.22699	-4965.76	0.996417	0.99285	0.0709039	0.00637332
1.2285	-4964.79	0.9963	0.992616	0.0768241	0.00707638
1.23001	-4954.25	0.995314	0.990652	0.0281114	0.00296513
1.23153	-4969	0.996686	0.993386	0.0592405	0.00624962
1.23305	-4962.91	0.996084	0.992188	0.0807775	0.00765044
1.23457	-4964.14	0.996253	0.992524	0.0799465	0.00727928
1.23609	-4963.97	0.996253	0.992524	0.0766927	0.00680883
1.23762	-4963.85	0.99618	0.992379	0.085269	0.008396
1.23916	-4963.51	0.996169	0.992357	0.0821012	0.00755624
1.24069	-4963.61	0.996184	0.992387	0.0860652	0.00799378
1.24224	-4963.16	0.996152	0.992323	0.0812755	0.00741221
1.24378	-4966.19	0.996479	0.992973	0.07689	0.00677171
1.24533	-4963.23	0.996138	0.992295	0.0796575	0.00741724
1.24688	-4958.84	0.995642	0.991307	0.091129	0.00852825
1.24844	-4962.13	0.996025	0.992071	0.0840159	0.00784828
1.25	-4961.97	0.995998	0.992016	0.0780681	0.00734479
1.25156	-4961.14	0.995912	0.991844	0.088758	0.00840286
1.25313	-4963.12	0.996152	0.992322	0.0619589	0.00580374
1.25471	-4961.7	0.995971	0.991962	0.0776505	0.00740497
1.25628	-4960.86	0.99589	0.9918	0.0799547	0.0074198
1.25786	-4961.32	0.995938	0.991897	0.0816861	0.00773891
1.25945	-4958.82	0.99566	0.991343	0.0894546	0.0086098
1.26103	-4962.11	0.996002	0.992023	0.0732436	0.00698555
1.26263	-4958.61	0.995649	0.991321	0.0949764	0.00897123
1.26422	-4960.01	0.99581	0.991641	0.0839201	0.00780554
1.26582	-4960.11	0.995817	0.991656	0.0811249	0.00750619
1.26743	-4959.8	0.995799	0.991619	0.0844348	0.00792872
1.26904	-4957.27	0.995507	0.991039	0.0912341	0.00882667
1.27065	-4954.5	0.995125	0.990279	0.105465	0.0109955
1.27226	-4982.37	0.998192	0.996388	0.0161893	0.00136107
1.27389	-4957.09	0.995488	0.991001	0.0762911	0.0071367
1.27551	-4956.57	0.995403	0.990832	0.092493	0.00904739
1.27714	-4956.23	0.995373	0.990773	0.0915215	0.00892285
1.27877	-4955.13	0.995255	0.990538	0.0938614	0.00934085
1.28041	-4955.32	0.99529	0.990606	0.0855631	0.00842664
1.28205	-4953.78	0.995081	0.990191	0.0900146	0.00894227
1.2837	-4953.88	0.995121	0.990271	0.0932038	0.00915928
1.28535	-4955.75	0.995318	0.990661	0.0665885	0.00686264
1.287	-4952.74	0.994999	0.990029	0.0953544	0.00944379
1.28866	-4949.74	0.994712	0.989456	0.0877755	0.00835054
1.29032	-4951.75	0.994884	0.989798	0.0902999	0.00902722
1.29199	-4952.85	0.995017	0.990063	0.0968041	0.00945375
1.29366	-4951.42	0.994853	0.989738	0.0996998	0.00983631
1.29534	-4952.13	0.994944	0.989918	0.10258	0.010316
1.29702	-4952.13	0.994919	0.989869	0.099497	0.010077
1.2987	-4949.29	0.994664	0.989361	0.0993115	0.00941323
1.30039	-4949.65	0.994663	0.98936	0.109826	0.0111493
1.30208	-4948.32	0.994524	0.989083	0.0998339	0.0101851
1.30378	-4949.71	0.994682	0.989398	0.104615	0.0104387
1.30548	-4949.17	0.994654	0.989342	0.100687	0.0096833
1.30719	-4948.06	0.994498	0.989032	0.108552	0.0108476
1.3089	-4948.63	0.994567	0.989169	0.105007	0.0104703
1.31062	-4948	0.994465	0.988966	0.108926	0.0112182
1.31234	-4946.86	0.994291	0.988622	0.117935	0.0127118
1.31406	-4946.99	0.99436	0.988758	0.103669	0.0106129
1.31579	-4941.79	0.993762	0.987569	0.123184	0.0132015
1.31752	-4946.44	0.9943	0.988638	0.102541	0.0106952
1.31926	-4945.49	0.994183	0.988405	0.106641	0.0110197
1.321	-4944.75	0.994109	0.988258	0.10906	0.0112439
1.32275	-4944.54	0.994096	0.988233	0.11159	0.0116325
1.3245	-4944.42	0.994075	0.98819	0.102168	0.0118728
1.32626	-4944.14	0.994068	0.988176	0.109891	0.0113832
1.32802	-4942.89	0.993934	0.987911	0.122816	0.0125618
1.32979	-4941.92	0.993821	0.987687	0.112546	0.0117585
1.33156	-4942.48	0.993865	0.987775	0.111624	0.0116341
1.33333	-4941.09	0.993724	0.987494	0.104219	0.0112782
1.33511	-4938.6	0.993434	0.986918	0.126201	0.0135791
1.3369	-4941.04	0.993733	0.987512	0.124882	0.012807
1.33869	-4940.56	0.993666	0.987379	0.112209	0.0119934
1.34048	-4940.21	0.993632	0.98731	0.112558	0.0117726
1.34228	-4947.34	0.994453	0.988943	0.122019	0.0120393
1.34409	-4938.2	0.993394	0.986839	0.131545	0.0138528
1.3459	-4937.38	0.993318	0.986688	0.120984	0.0130714
1.34771	-4937.51	0.9933	0.986652	0.117107	0.0128976
1.34953	-4935.49	0.993102	0.986257	0.111638	0.0119929
1.35135	-4935.48	0.993099	0.986253	0.125312	0.0134821
1.35318	-4934.63	0.992911	0.985881	0.148937	0.0163096
1.35501	-4936.79	0.993386	0.986822	0.114059	0.0112355
1.35685	-4934.47	0.992996	0.986049	0.128504	0.013864
1.3587	-4933.71	0.992876	0.985811	0.130208	0.0144987
1.36054	-4933.27	0.992851	0.985761	0.115524	0.0128931
1.3624	-4932.23	0.992734	0.985529	0.124955	0.0138116
1.36426	-4933.04	0.992838	0.985734	0.124496	0.0137628
1.36612	-4934.32	0.99299	0.986036	0.114673	0.012479
1.36799	-4930.72	0.992575	0.985213	0.132428	0.014631
1.36986	-4930.75	0.992551	0.985165	0.129198	0.0143688
1.37174	-4929.24	0.992422	0.984908	0.131149	0.0143751
1.37363	-4929.79	0.992474	0.985012	0.133918	0.0149076
1.37552	-4930.22	0.992522	0.985107	0.126881	0.0140548
1.37741	-4927.11	0.99218	0.984428	0.117708	0.0131404
1.37931	-4929.04	0.992405	0.984876	0.127035	0.0140451
1.38122	-4927.97	0.992231	0.984532	0.131922	0.0154206
1.38313	-4923.77	0.991766	0.983609	0.149943	0.0165137
1.38504	-4925.14	0.991943	0.983959	0.134967	0.0153153
1.38696	-4925.8	0.992025	0.984123	0.145259	0.0161884
1.38889	-4924.48	0.991866	0.983808	0.140623	0.0158
1.39082	-4926.68	0.992086	0.984245	0.154127	0.0172185
1.39276	-4920.65	0.991425	0.982933	0.130764	0.0152465
1.3947	-4922.89	0.991682	0.983443	0.143862	0.0167235
1.39665	-4922.44	0.991631	0.983342	0.139044	0.0158884
1.3986	-4920.49	0.991392	0.982867	0.135489	0.0161103
1.40056	-4918.79	0.991186	0.98246	0.145543	0.0176421
1.40252	-4921.04	0.991591	0.983262	0.143191	0.016148
1.40449	-4923.12	0.991743	0.983562	0.147425	0.0161476
1.40647	-4918.92	0.991212	0.982512	0.146428	0.0177821
1.40845	-4918.09	0.991172	0.982432	0.14589	0.0164533
1.41044	-4915.06	0.990789	0.981673	0.15218	0.0176739
1.41243	-4916.24	0.991005	0.9821	0.147766	0.0167108
1.41443	-4914.47	0.99072	0.981536	0.142574	0.017101
1.41643	-4911.04	0.990275	0.980658	0.181627	0.0234089
1.41844	-4915.53	0.99087	0.981833	0.137836	0.0162013
1.42045	-4911.05	0.990338	0.980781	0.158624	0.0192824
1.42248	-4911.79	0.99033	0.980765	0.167475	0.020562
1.4245	-4910.47	0.990263	0.980632	0.153808	0.0188085
1.42653	-4909.54	0.990134	0.980378	0.161024	0.0199753
1.42857	-4908.59	0.990085	0.980279	0.159525	0.0194012
1.43062	-4909.6	0.990219	0.980546	0.169667	0.0197474
1.43266	-4907.29	0.989911	0.979935	0.164227	0.020296
1.43472	-4907.54	0.98996	0.980033	0.164161	0.0201835
1.43678	-4906.19	0.98978	0.979675	0.159993	0.0196701
1.43885	-4904.82	0.989673	0.979464	0.154856	0.0184845
1.44092	-4905.46	0.9897	0.979519	0.162744	0.0204133
1.443	-4904.2	0.989525	0.979172	0.169795	0.0211967
1.44509	-4904.4	0.98956	0.979241	0.167482	0.0210623
1.44718	-4901.83	0.989275	0.978677	0.169795	0.0216182
1.44928	-4902.26	0.989374	0.978871	0.160484	0.0196304
1.45138	-4898.19	0.98879	0.97772	0.18527	0.0252331
1.45349	-4898.69	0.988988	0.978108	0.162173	0.0201544
1.4556	-4900.79	0.989225	0.978578	0.169747	0.0208262
1.45773	-4922.62	0.99191	0.983891	0.0772908	0.00851684
1.45985	-4897.72	0.988882	0.9779	0.169617	0.0211537
1.46199	-4894.55	0.988418	0.976983	0.174016	0.0228124
1.46413	-4895.08	0.988519	0.977184	0.177843	0.0230523
1.46628	-4892.98	0.988235	0.976622	0.178337	0.0234375
1.46843	-4893.06	0.98831	0.97677	0.181474	0.0235273
1.47059	-4892.91	0.988293	0.976737	0.179669	0.0228618
1.47275	-4891.65	0.988167	0.976486	0.166068	0.0212585
1.47493	-4889.35	0.987874	0.97591	0.184561	0.023788
1.4771	-4890.5	0.988006	0.976169	0.179077	0.0229339
1.47929	-4889.42	0.987887	0.975935	0.187084	0.0247117
1.48148	-4885.16	0.987462	0.975095	0.16725	0.0222323
1.48368	-4884.39	0.987311	0.974797	0.188576	0.0247369
1.48588	-4882.96	0.987067	0.974317	0.192997	0.0266125
1.4881	-4883.92	0.987228	0.974634	0.195945	0.0258571
1.49031	-4883.72	0.987209	0.974597	0.177167	0.0237343
1.49254	-4880.72	0.98685	0.973888	0.192464	0.0266024
1.49477	-4880.02	0.986785	0.973762	0.200392	0.0273516
1.49701	-4879.44	0.986708	0.973609	0.194283	0.0269259
1.49925	-4876.87	0.986394	0.972989	0.204086	0.0282631
1.5015	-4883.43	0.987284	0.974744	0.196165	0.0245472
1.50376	-4877.33	0.986253	0.972713	0.198344	0.0305139
1.50602	-4872.37	0.98589	0.971998	0.215571	0.0310511
1.5083	-4871.3	0.985697	0.971616	0.200438	0.0283008
1.51057	-4872.67	0.985914	0.972044	0.200922	0.0283371
1.51286	-4870.99	0.985689	0.9716	0.209245	0.0297262
1.51515	-4870.58	0.985605	0.971434	0.20035	0.0285988
1.51745	-4866.06	0.985161	0.970561	0.220398	0.0306498
1.51976	-4868.71	0.985387	0.971007	0.212348	0.0321373
1.52207	-4868.93	0.985136	0.970513	0.222278	0.0325718
1.52439	-4864.68	0.984909	0.970064	0.204185	0.0299885
1.52672	-4861.65	0.984611	0.969477	0.216993	0.0305466
1.52905	-4861.64	0.98454	0.969337	0.205512	0.0299632
1.53139	-4863.16	0.984839	0.969927	0.204043	0.0297558
1.53374	-4860.29	0.984436	0.969133	0.218735	0.0314316
1.5361	-4857.82	0.984114	0.968499	0.213075	0.0314552
1.53846	-4856.22	0.983944	0.968166	0.221239	0.0322182
1.54083	-4857.59	0.984163	0.968595	0.20494	0.0290108
1.54321	-4857.22	0.984053	0.96838	0.218557	0.0326903
1.5456	-4852.33	0.983463	0.967223	0.242171	0.0364603
1.54799	-4851.7	0.9834	0.967098	0.229941	0.0344731
1.55039	-4853.63	0.983639	0.967566	0.220838	0.0330295
1.5528	-4846.82	0.98278	0.965876	0.208564	0.0309558
1.55521	-4848.24	0.983018	0.966346	0.223585	0.0335956
1.55763	-4847.55	0.982928	0.96617	0.231062	0.034561
1.56006	-4848.17	0.983046	0.966401	0.231057	0.0350399
1.5625	-4844.63	0.982524	0.965377	0.247814	0.0387745
1.56495	-4845.63	0.982692	0.965707	0.22866	0.0353595
1.5674	-4842.17	0.982224	0.964788	0.234907	0.0366734
1.56986	-4842.5	0.982338	0.965011	0.241111	0.0371888
1.57233	-4837.93	0.981772	0.9639	0.246914	0.0381076
1.5748	-4835.24	0.981396	0.963162	0.248775	0.0386489
1.57729	-4834.92	0.981368	0.963106	0.242175	0.0379603
1.57978	-4830.3	0.980757	0.961911	0.260152	0.041193
1.58228	-4830.55	0.980844	0.96208	0.252297	0.0399716
1.58479	-4829.88	0.980617	0.961634	0.237898	0.0385572
1.5873	-4827.44	0.980466	0.961338	0.254975	0.0389863
1.58983	-4827.37	0.980395	0.961202	0.260962	0.0432545
1.59236	-4826.29	0.980398	0.961207	0.259866	0.0412828
1.5949	-4823.78	0.980039	0.960503	0.255435	0.0409761
1.59744	-4824.3	0.980332	0.961073	0.24578	0.035938
1.6	-4819.28	0.979375	0.959202	0.252076	0.0420715
1.60256	-4820.78	0.979662	0.959766	0.279237	0.0448125
1.60514	-4810.89	0.978342	0.957187	0.313896	0.0523094
1.60772	-4815.98	0.979053	0.958575	0.295945	0.0476576
1.61031	-4811.86	0.978497	0.957485	0.268054	0.0455464
1.6129	-4804.43	0.978151	0.956801	0.237591	0.0321042
1.61551	-4812.31	0.978598	0.957682	0.249561	0.042782
1.61812	-4809.29	0.978369	0.957235	0.272186	0.0443351
1.62075	-4805.83	0.977768	0.956062	0.287936	0.0498626
1.62338	-4805.53	0.977655	0.95584	0.288657	0.0493255
1.62602	-4803.57	0.977607	0.955747	0.281307	0.0473747
1.62866	-4802.63	0.977443	0.955428	0.29267	0.0502197
1.63132	-4796.73	0.976666	0.953907	0.277682	0.0484268
1.63399	-4797.41	0.976738	0.954049	0.282826	0.0503134
1.63666	-4794.48	0.976304	0.953203	0.29345	0.0520359
1.63934	-4791.29	0.976056	0.952723	0.320418	0.0565344
1.64204	-4789.09	0.975597	0.951825	0.297314	0.0547587
1.64474	-4790.63	0.975896	0.95241	0.310784	0.0568618
1.64745	-4787.01	0.975405	0.95145	0.289935	0.0541183
1.65017	-4797.63	0.977031	0.954624	0.298358	0.0535262
1.65289	-4783.32	0.974985	0.950634	0.311357	0.0585139
1.65563	-4780.78	0.974528	0.949743	0.298228	0.0571519
1.65837	-4782.39	0.974972	0.950605	0.296442	0.0531693
1.66113	-4773.59	0.973556	0.947858	0.34518	0.0698961
1.66389	-4776.47	0.974199	0.949104	0.334055	0.0606696
1.66667	-4775.37	0.974038	0.948785	0.29737	0.0538774
1.66945	-4708.43	0.963113	0.927612	0.146668	0.0367134
1.67224	-4767.8	0.97294	0.946654	0.323336	0.0629048
1.67504	-4765.36	0.972648	0.946086	0.316949	0.0607836
1.67785	-4760.64	0.972031	0.944887	0.325712	0.062342
1.68067	-4759.25	0.971844	0.944524	0.330606	0.0648839
1.6835	-4759.34	0.97192	0.944673	0.340599	0.065201
1.68634	-4760.6	0.971987	0.944808	0.358813	0.0734785
1.68919	-4755.56	0.971479	0.943816	0.349358	0.0672125
1.69205	-4754.19	0.971177	0.943224	0.30063	0.0588443
1.69492	-4750.37	0.970694	0.942295	0.344784	0.0691389
1.69779	-4744.51	0.969865	0.940688	0.354724	0.0737448
1.70068	-4747.57	0.97042	0.941758	0.323674	0.0638729
1.70358	-4741.93	0.969567	0.940108	0.345851	0.0708485
1.70648	-4732.03	0.967257	0.935668	0.394825	0.119114
1.7094	-4737.07	0.96882	0.938663	0.347545	0.0734411
1.71233	-4736.13	0.968833	0.938688	0.352084	0.0749368
1.71527	-4731.85	0.968383	0.937815	0.353408	0.0730886
1.71821	-4727.76	0.967649	0.936395	0.309853	0.0726416
1.72117	-4728.09	0.967811	0.936709	0.357531	0.0751216
1.72414	-4722.6	0.966965	0.935071	0.348852	0.0726923
1.72712	-4720.53	0.966791	0.934736	0.343794	0.0741737
1.7301	-4715.99	0.966021	0.933258	0.384517	0.0889343
1.7331	-4717.22	0.966303	0.933798	0.378999	0.082358
1.73611	-4726.93	0.967861	0.9368	0.315305	0.0640087
1.73913	-4702.36	0.964256	0.929859	0.399972	0.099871
1.74216	-4702.47	0.964	0.929372	0.413209	0.108185
1.7452	-4702.93	0.964334	0.930002	0.394074	0.0903547
1.74825	-4700.46	0.963982	0.929323	0.377051	0.0881393
1.75131	-4694.23	0.963168	0.927755	0.388063	0.0893177
1.75439	-4696.03	0.963503	0.928399	0.385768	0.0877354
1.75747	-4689.84	0.962709	0.92687	0.389896	0.0876674
1.76056	-4690.76	0.962589	0.92665	0.391562	0.102491
1.76367	-4688.18	0.962484	0.92644	0.393507	0.0919384
1.76678	-4682.39	0.961635	0.924809	0.402966	0.0946417
1.76991	-4678.88	0.961218	0.924011	0.410641	0.0993663
1.77305	-4676.77	0.960562	0.922756	0.411255	0.106669
1.7762	-4673.34	0.960409	0.922454	0.400638	0.095666
1.77936	-4669.79	0.959809	0.921305	0.413938	0.10058
1.78253	-4670.44	0.959857	0.921391	0.380686	0.0931526
1.78571	-4663.09	0.958827	0.919426	0.405875	0.105702
1.78891	-4659.44	0.95846	0.918726	0.439904	0.111815
1.79211	-4656.58	0.958107	0.918045	0.425833	0.10634
1.79533	-4655.2	0.958143	0.918109	0.414775	0.0992692
1.79856	-4654.46	0.957631	0.91714	0.423378	0.115182
1.8018	-4646.23	0.956561	0.915091	0.435725	0.112759
1.80505	-4612.41	0.950765	0.904073	0.674405	0.164697
1.80832	-4638.75	0.9555	0.913059	0.45604	0.109972
1.81159	-4635.93	0.955121	0.912345	0.446337	0.121242
1.81488	-4631.82	0.953924	0.910081	0.483408	0.151227
1.81818	-4625.82	0.953538	0.909328	0.456866	0.128852
1.82149	-4622.1	0.952915	0.908135	0.439529	0.12158
1.82482	-4623.18	0.952921	0.908151	0.445449	0.128277
1.82815	-4624.15	0.953676	0.90959	0.492292	0.125751
1.8315	-4612.36	0.951669	0.905771	0.462104	0.132319
1.83486	-4609.2	0.951314	0.9051	0.471604	0.137555
1.83824	-4606.9	0.950834	0.904181	0.451885	0.129725
1.84162	-4602.84	0.950381	0.903324	0.484699	0.136354
1.84502	-4592.65	0.94876	0.900257	0.510319	0.150974
1.84843	-4591.91	0.948216	0.899223	0.438354	0.147565
1.85185	-4588.7	0.94824	0.899255	0.449685	0.12768
1.85529	-4587.89	0.948175	0.899139	0.505043	0.139024
1.85874	-4579.91	0.946653	0.896273	0.492853	0.162128
1.8622	-4575.16	0.946508	0.895985	0.483838	0.143943
1.86567	-4568.55	0.9453	0.893707	0.511875	0.153337
1.86916	-4564.74	0.944469	0.892159	0.534894	0.183899
1.87266	-4549.41	0.942588	0.888573	0.446784	0.135625
1.87617	-4546.53	0.940888	0.885445	0.544033	0.234085
1.8797	-4550.84	0.942636	0.88869	0.536633	0.170844
1.88324	-4541.64	0.940893	0.885397	0.546989	0.156851
1.88679	-4546.86	0.94199	0.887482	0.548428	0.181525
1.89036	-4537.59	0.940415	0.884527	0.558071	0.192995
1.89394	-4532.64	0.939835	0.883428	0.544804	0.182331
1.89753	-4527.06	0.938723	0.881343	0.553026	0.1871
1.90114	-4524.21	0.938436	0.880804	0.543755	0.185875
1.90476	-4512.49	0.936127	0.876535	0.613675	0.263252
1.9084	-4512.51	0.935911	0.876146	0.587882	0.284213
1.91205	-4503.75	0.935203	0.874769	0.571452	0.215528
1.91571	-4491.44	0.932761	0.870229	0.615052	0.242728
1.91939	-4498.63	0.934627	0.873671	0.555481	0.186057
1.92308	-4485.98	0.932084	0.868951	0.581444	0.221551
1.92678	-4483.4	0.931952	0.868706	0.566664	0.221309
1.9305	-4476.54	0.930876	0.866705	0.611257	0.227256
1.93424	-4477.4	0.931155	0.867232	0.639352	0.235005
1.93798	-4469.13	0.929444	0.864044	0.654949	0.230301
1.94175	-4467.02	0.92944	0.864018	0.563066	0.205094
1.94553	-4449.29	0.925409	0.856644	0.686196	0.336232
1.94932	-4448.52	0.9264	0.858422	0.603074	0.262217
1.95313	-4444.36	0.925013	0.855873	0.635304	0.285273
1.95695	-4439.95	0.926198	0.857962	0.436685	0.152389
1.96078	-4431.3	0.923241	0.852595	0.672839	0.282434
1.96464	-4426.15	0.922084	0.850489	0.660927	0.318611
1.9685	-4417.65	0.921072	0.848607	0.674999	0.296245
1.97239	-4414.18	0.92069	0.84792	0.673444	0.317095
1.97628	-4394.95	0.914483	0.836961	0.805884	0.862621
1.9802	-4392.38	0.916926	0.841	0.681242	0.31213
1.98413	-4387.39	0.916184	0.839579	0.583693	0.234747
1.98807	-4391.56	0.91811	0.843147	0.702744	0.277485
1.99203	-4381.09	0.915158	0.837769	0.68558	0.320362
1.99601	-4395.15	0.919026	0.844824	0.682404	0.269926
2	-4365.78	0.911698	0.831485	0.729434	0.363049
2.00401	-4359.65	0.910693	0.829663	0.724057	0.375105
2.00803	-4348.92	0.909136	0.826837	0.748789	0.384217
2.01207	-4341.63	0.907689	0.824208	0.782772	0.383641
2.01613	-4330.4	0.90448	0.818452	0.771574	0.456369
2.0202	-4330.44	0.904168	0.817883	0.718985	0.449648
2.02429	-4307.27	0.900114	0.810693	0.810288	0.60135
2.0284	-4316.51	0.902874	0.815544	0.78336	0.447002
2.03252	-4298.81	0.900185	0.810638	0.741941	0.373921
2.03666	-4298.96	0.900865	0.811907	0.792658	0.428839
2.04082	-4289.44	0.899083	0.808697	0.730238	0.426145
2.04499	-4278.35	0.894923	0.801407	0.817617	0.635558
2.04918	-4277.74	0.896517	0.804082	0.809156	0.413556
2.05339	-4257.81	0.89112	0.794527	0.821771	0.524564
2.05761	-4247.29	0.888371	0.789668	0.827814	0.56486
2.06186	-4251.73	0.890872	0.794054	0.801364	0.485772
2.06612	-4234.63	0.888928	0.790497	0.750295	0.366384
2.07039	-4220.17	0.882381	0.779291	0.904294	0.838811
2.07469	-4214.25	0.883744	0.781464	0.849367	0.554694
2.079	-4195.95	0.873419	0.763922	1.00242	1.27561
2.08333	-4220.74	0.88872	0.790319	0.948182	0.594776
2.08768	-4183.49	0.875761	0.767582	0.900298	0.747308
2.09205	-4171.51	0.87205	0.76115	0.89246	0.812213
2.09644	-4180.81	0.876307	0.76855	0.956652	0.759131
2.10084	-4151.95	0.867857	0.754051	0.98907	1.04056
2.10526	-4144.55	0.867323	0.752868	0.885212	0.735208
2.1097	-4131.92	0.860786	0.741911	1.06908	1.13508
2.11416	-4119.43	0.860534	0.741233	0.91939	0.844145
2.11864	-4106.48	0.858578	0.73796	0.963319	0.947097
2.12314	-4109.1	0.861874	0.743449	0.925295	0.732048
2.12766	-4083.3	0.852166	0.727131	1.01435	1.1079
2.1322	-4063.13	0.845171	0.715579	1.00994	1.48216
2.13675	-4062.84	0.846177	0.71713	1.03465	1.30397
2.14133	-4055.79	0.845839	0.716667	1.10673	1.42871
2.14592	-3981.59	0.803736	0.653927	2.58224	9.24476
2.15054	-3981.5	0.806618	0.653795	1.4622	3.67648
2.15517	-4013.76	0.83514	0.698493	1.02886	1.19916
2.15983	-3994.35	0.831902	0.692999	1.04868	1.0858
2.1645	-3992.33	0.832593	0.694357	1.12317	1.32421
2.1692	-3967.2	0.817993	0.671151	1.18495	2.35044
2.17391	-3955.7	0.815966	0.667896	1.2699	2.40908
2.17865	-3960.16	0.822318	0.677381	0.976193	1.34749
2.18341	-3926.61	0.814244	0.66405	0.938506	1.20974
2.18818	-3898.04	0.791667	0.630002	1.32281	3.72992
2.19298	-3910.56	0.807747	0.653996	1.1462	1.75601
2.1978	-3860.39	0.779159	0.609675	1.22564	2.94184
2.20264	-3866.48	0.788537	0.624909	1.35219	3.53836
2.20751	-3833.97	0.76926	0.597884	1.55635	6.93506
2.21239	-3834.62	0.77766	0.607772	1.41111	3.4087
2.21729	-3811.37	0.782427	0.612702	0.623506	0.574607
2.22222	-3756.38	0.731958	0.543782	1.71357	9.02238
2.22717	-3776.34	0.751163	0.568958	1.61798	5.29025
2.23214	-3694.1	0.590518	0.448241	2.42787	111.474
2.23714	-3736.61	0.742803	0.556894	1.7525	5.74119
2.24215	-3693.2	0.703871	0.502139	1.43171	7.47528
2.24719	-3695.17	0.72147	0.526712	1.63236	6.89025
2.25225	-3660.04	0.700894	0.498955	1.47573	8.55061
2.25734	-3649.9	0.700484	0.498049	1.8272	8.16415
2.26244	-3552.49	0.438765	0.357197	2.58512	181.975
2.26757	-3576.06	-0.65415	0.43525	1.29152	8.09082
2.27273	-3636.97	-0.714281	0.51404	1.22225	4.22697
2.2779	-3582.98	-0.681606	0.470222	1.41524	6.185
2.28311	-3492.96	-0.59033	0.365818	1.87818	18.9753
2.28833	-3390.57	-0.136155	0.179069	1.83281	175.38
2.29358	-3511.09	0.633185	0.41128	1.68737	11.289
2.29885	-3423.59	0.506488	0.31143	1.96135	59.7031
2.30415	-3393.3	-0.366468	0.266637	1.94349	143.587
2.30947	-3363.49	-0.478534	0.263754	1.8818	37.626
2.31481	-3433.48	-0.597273	0.367892	1.54254	12.0497
2.32019	-3515.6	-0.691323	0.484909	2.01067	7.52257
2.32558	-3252.48	-0.0803367	0.160332	1.80191	165.419
2.331	-3217.29	0.051687	0.114322	1.11897	119.745
2.33645	-3225.09	0.347751	0.153015	1.59901	34.33
2.34192	-3206.66	0.268308	0.140364	1.51406	72.9899
2.34742	-3174.19	0.238028	0.067215	0.8417	11.2438
2.35294	-3153.23	0.0352681	0.101045	1.28269	106.039
2.35849	-3132.06	-0.00542731	0.0938323	1.36957	99.431
2.36407	-3111.3	0.0605623	0.0885951	1.30574	89.8107
2.36967	-3109.51	-0.0787944	0.0816179	1.35754	79.5568
2.3753	-3077.47	0.00600641	0.0596129	1.21744	62.7046
2.38095	-3089.98	-0.221405	0.130354	1.42697	85.4005
2.38663	-3101.46	-0.130015	0.161287	1.45625	151.242
2.39234	-3039.89	-0.0457846	0.0878243	1.47782	89.5858
2.39808	-3023.04	-0.0786913	0.0584724	1.18955	54.5019
2.40385	-3001.66	-0.058678	0.0536331	1.17403	52.1976
2.40964	-2998.62	0.037671	0.0509876	1.12811	51.4274
2.41546	-2922.07	-0.0324914	0.0201723	0.939578	19.7857
2.42131	-2951.21	0.00122245	0.0460201	1.07448	47.5142
2.42718	-2948.64	-0.139937	0.0600954	1.05891	41.7284
2.43309	-2919.25	-0.0427239	0.0456832	1.04815	45.0639
2.43902	-2884.6	-0.0666183	0.030302	0.969443	26.5106
2.44499	-2888.91	-0.0522286	0.0412395	1.05704	39.3782
2.45098	-2889.24	0.0576295	0.0164548	1.09717	13.3963
2.457	-2855.83	0.00480488	0.0327815	0.927842	33.3317
2.46305	-2842.82	0.0183452	0.0350625	0.993004	35.2468
2.46914	-2826.16	-0.0187201	0.0298792	0.968513	29.8979
2.47525	-2832.52	0.00776213	0.0321932	0.913423	32.4543
2.48139	-2804.53	0.0019529	0.0330467	0.926785	33.2908
2.48756	-2801.5	-0.0229267	0.0312108	0.883997	30.8386
2.49377	-2753.59	0.197187	0.0411028	0.833204	2.22558
2.5	-2749.97	-0.0126807	0.0343763	0.824445	34.2155
2.50627	-2746.06	-0.00857566	0.0211162	0.830513	20.9901
2.51256	-2751.02	0.00118482	0.026092	0.793127	25.9601
2.51889	-2732.84	0.0395405	0.024126	0.822365	22.3933
2.52525	-2714.25	-0.0213479	0.0179217	0.804895	17.2913
2.53165	-2722.52	-0.00391227	0.0116233	0.69142	11.4629
2.53807	-2685.72	0.01705	0.0172277	0.784875	16.683
2.54453	-2671.23	-0.00979956	0.0179003	0.761926	17.4927
2.55102	-2665.01	-0.00462845	0.0176548	0.765116	17.2807
2.55754	-2663.58	-0.0242587	0.0191529	0.7635	18.1467
2.5641	-2633.24	-0.0451585	0.0128976	0.781896	10.5869
2.57069	-2621.88	-0.0220845	0.0146832	0.631152	13.8051
2.57732	-2618.88	0.0267084	0.0179873	0.827798	16.7558
2.58398	-2604.08	-0.0561749	0.019721	0.594708	16.027
2.59067	-2624.19	0.0811111	0.0115995	1.36752	4.84479
2.5974	-2569.73	-0.00160988	0.0137756	0.701375	13.2565
2.60417	-2563.9	-0.0164852	0.0131965	0.701419	12.4078
2.61097	-2553.25	0.00673211	0.0141122	0.68769	13.469
2.6178	-2539.71	0.0125693	0.0144593	0.64672	13.6577
2.62467	-2546.9	0.00142751	0.0174366	0.728951	16.6064
2.63158	-2516.5	0.00712472	0.0149602	0.652317	14.164
2.63852	-2507.2	0.0114571	0.0132325	0.652839	12.4134
2.6455	-2490.5	0.00431397	0.0159164	0.667936	15.0234
2.65252	-2480.36	0.00723872	0.011326	0.643343	10.6254
2.65957	-2471.54	-0.0297076	0.0142274	0.622194	12.5442
2.66667	-2461.24	0.000553101	0.0105467	0.62845	9.88724
2.6738	-2447.06	-0.0164769	0.00924584	0.594451	8.39102
2.68097	-2441.07	-0.00968422	0.0107413	0.652331	9.92884
2.68817	-2428.55	-0.00639066	0.00984803	0.585871	9.12069
2.69542	-2410.46	-0.0120737	0.00970905	0.660082	8.86994
2.7027	-2402.59	0.00821582	0.00881735	0.597466	8.09361
2.71003	-2393.7	-0.00104396	0.00983617	0.559434	9.07286
2.71739	-2383.6	-0.00227057	0.0100928	0.594483	9.28062
2.7248	-2358.22	-0.00409086	0.00762583	0.474147	6.98134
2.73224	-2361.19	0.00974159	0.00859852	0.562662	7.78081
2.73973	-2353.21	-0.00583564	0.00941217	0.578867	8.55753
2.74725	-2338.69	0.0032607	0.00875624	0.550275	7.95851
2.75482	-2324.65	-0.00683589	0.00769428	0.54524	6.94015
2.76243	-2304.76	-0.00789183	0.00722616	0.489315	6.48331
2.77008	-2313.53	0.0477801	0.00855956	0.558456	5.66465
2.77778	-2298.01	0.00594727	0.00775302	0.538792	6.94589
2.78552	-2290.05	-0.00152846	0.00736327	0.529972	6.60644
2.7933	-2271.08	0.00129158	0.00778449	0.453092	6.96562
2.80112	-2271.5	0.00827465	0.00691986	0.510199	6.11486
2.80899	-2259.49	0.00371606	0.00771131	0.503651	6.85077
2.8169	-2252.61	0.0167543	0.00672522	0.508431	5.71951
2.82486	-2239.71	-0.00315295	0.00659825	0.496868	5.83065
2.83286	-2232.33	0.00488073	0.00601217	0.486477	5.28472
2.84091	-2226.65	-0.00958874	0.00728558	0.44824	6.3304
2.849	-2210.32	-0.00563619	0.00715797	0.487168	6.25324
2.85714	-2192.94	-0.00615192	0.00636924	0.495866	5.53997
2.86533	-2192.58	-0.00578994	0.00640862	0.463886	5.56227
2.87356	-2177.06	-0.0165754	0.00575361	0.40862	4.76662
2.88184	-2151.39	-0.0305255	0.00679054	0.391405	5.08245
2.89017	-2162.56	-0.00660248	0.00574264	0.469094	4.92967
2.89855	-2141.26	-0.00105866	0.005972	0.458232	5.14989
2.90698	-2138.29	0.002272	0.00567184	0.446187	4.87335
2.91545	-2131.25	-0.00410977	0.00577872	0.442786	4.94077
2.92398	-2122.76	-0.00518533	0.00494794	0.443873	4.2075
2.93255	-2113.02	0.00399399	0.00525056	0.419446	4.4625
2.94118	-2103.95	0.000786407	0.00506663	0.439792	4.30611
2.94985	-2094.45	0.00166399	0.0047989	0.428757	4.06472
2.95858	-2082.72	0.00236475	0.00514814	0.410207	4.34545
2.96736	-2073.54	-0.00368989	0.00475577	0.416669	3.99527
2.97619	-2068.06	-0.00358262	0.00473596	0.41361	3.96743
2.98507	-2059.73	0.00339464	0.00434794	0.39381	3.63175
2.99401	-2048.86	0.0120391	0.00509255	0.391107	4.13125
3.003	-2035.37	-0.00689187	0.00503658	0.399719	4.15341
3.01205	-2036.33	-0.000353006	0.00462579	0.381431	3.8393
3.02115	-2023.38	-0.016738	0.00489622	0.377654	3.81979
3.0303	-2012.13	-0.00374412	0.00430466	0.381545	3.53978
3.03951	-2005.74	0.00283561	0.00425494	0.396759	3.49308
3.04878	-1993.23	-0.00139499	0.00408527	0.382401	3.34832
3.0581	-1985.54	-0.00136505	0.00463804	0.383588	3.79008
3.06748	-1973.7	-0.00383176	0.00460749	0.372311	3.74314
3.07692	-1971.36	0.00359827	0.00394645	0.377207	3.19597
3.08642	-1953.21	0.0141236	0.00330952	0.40512	2.51913
3.09598	-1951.93	-0.000571431	0.00383425	0.354556	3.09589
3.10559	-1943.5	0.000603586	0.00361756	0.361422	2.91184
3.11526	-1934.62	-0.00103332	0.00390664	0.358681	3.13422
3.125	-1926.48	0.00293945	0.00395472	0.351772	3.15686
3.1348	-1918.67	-0.00555008	0.00386888	0.344306	3.06086
3.14465	-1911.76	0.000556656	0.00318736	0.347705	2.53371
3.15457	-1902.23	0.0012167	0.00354925	0.342579	2.81161
3.16456	-1891.99	0.00218389	0.00315121	0.342289	2.48569
3.1746	-1885.26	-0.00174045	0.00367307	0.342666	2.89016
3.18471	-1878.81	-0.00240771	0.00353864	0.327934	2.77328
3.19489	-1870.28	0.00279238	0.00361479	0.32115	2.82247
3.20513	-1862.41	0.00265918	0.0031735	0.326865	2.46981
3.21543	-1849.82	-0.00195892	0.00336905	0.326056	2.61646
3.22581	-1848.78	-0.0131939	0.00268924	0.380781	1.94925
3.23625	-1825.9	0.0126067	0.00336589	0.298895	2.47738
3.24675	-1824.49	0.00249313	0.00331474	0.307185	2.54756
3.25733	-1820.7	-0.0104583	0.00324661	0.324585	2.40783
3.26797	-1809.45	-0.00191065	0.0032241	0.309604	2.46364
3.27869	-1800.52	0.00420647	0.00257378	0.328009	1.94902
3.28947	-1794.59	-0.000622928	0.00314866	0.308764	2.39269
3.30033	-1785.22	-0.000281246	0.00287889	0.296282	2.1807
3.31126	-1774.33	-0.00671573	0.00327393	0.288908	2.43777
3.32226	-1769.79	0.0041988	0.00288426	0.292795	2.15714
3.33333	-1757.23	-0.00149421	0.00255696	0.283346	1.91605
3.34448	-1757.74	-0.00893066	0.00377195	0.277439	2.75991
3.3557	-1747.61	0.000533706	0.00281214	0.280432	2.09483
3.367	-1740.28	0.000785731	0.00280859	0.278484	2.08492
3.37838	-1727.66	-0.000619181	0.00275621	0.272857	2.03931
3.38983	-1722.12	0.00389796	0.00268286	0.254744	1.96741
3.40136	-1717.8	-0.0163512	0.00338396	0.432228	2.2907
3.41297	-1708.02	-0.000105521	0.00251557	0.26673	1.84264
3.42466	-1687	-0.00124673	0.00261755	0.22022	1.90968
3.43643	-1690.8	-0.000144766	0.00251417	0.257781	1.82904
3.44828	-1685.05	-4.52535e-05	0.00257045	0.258377	1.86357
3.46021	-1675.55	-7.81404e-05	0.00222328	0.251477	1.60632
3.47222	-1666.68	-0.00106708	0.0025076	0.231263	1.80465
3.48432	-1661.88	-0.00161613	0.0025241	0.247937	1.80917
3.4965	-1653.62	-0.000561198	0.0024457	0.247016	1.74845
3.50877	-1643.9	0.000336361	0.0026195	0.257152	1.86632
3.52113	-1639.48	0.00553933	0.00252558	0.251719	1.77138
3.53357	-1631.93	-0.0011315	0.00249964	0.242229	1.76759
3.5461	-1622.92	-0.00171256	0.00215683	0.235792	1.5185
3.55872	-1615.63	0.000741106	0.00239063	0.233581	1.67903
3.57143	-1607.89	-0.000955922	0.00234763	0.234188	1.6427
3.58423	-1600.17	-0.00292791	0.0022536	0.232376	1.56591
3.59712	-1588.16	0.00320466	0.00216965	0.232121	1.50077
3.61011	-1592.47	-0.0272687	0.00272546	0.230764	1.37245
3.62319	-1579.49	-0.001328	0.0025173	0.22121	1.73572
3.63636	-1567.26	0.00487777	0.00261557	0.21722	1.78185
3.64964	-1566.35	0.00519416	0.00236057	0.227086	1.59851
3.663	-1553.95	-0.000735354	0.00241978	0.214489	1.65113
3.67647	-1546.2	-0.00123241	0.00196778	0.216089	1.33706
3.69004	-1539.14	0.00011933	0.00219466	0.21455	1.48687
3.7037	-1535.9	0.000134277	0.00207215	0.202284	1.39869
3.71747	-1528.22	-0.00324136	0.00189068	0.219653	1.26442
3.73134	-1519.6	0.000998175	0.00214036	0.200135	1.43338
3.74532	-1502.17	0.0105632	0.00264354	0.219472	1.69008
3.7594	-1505.03	0.000359816	0.0019622	0.203776	1.30477
3.77358	-1499.15	8.39184e-05	0.00192792	0.204461	1.27725
3.78788	-1492.06	-0.00129579	0.0022945	0.193437	1.51326
3.80228	-1484.03	0.00228805	0.00201848	0.202384	1.32371
3.81679	-1476.29	0.00134306	0.0021364	0.203531	1.39816
3.83142	-1467.87	-7.6655e-05	0.00193492	0.189866	1.26253
3.84615	-1461.11	-0.002785	0.00172733	0.191702	1.11772
3.861	-1455.98	-0.00153047	0.0023476	0.204012	1.51856
3.87597	-1455.95	0.00439739	0.00172116	0.187688	1.09768
3.89105	-1439.6	0.000366169	0.00186252	0.189754	1.19659
3.90625	-1442.24	0.0433798	0.00315253	0.0557876	0.813264
3.92157	-1425.24	0.000598125	0.00181324	0.183473	1.15572
3.93701	-1414.18	0.00635031	0.00202011	0.174198	1.25716
3.95257	-1413.95	0.000731363	0.00171536	0.17721	1.08463
3.96825	-1406.65	0.00168033	0.00178882	0.173758	1.12518
3.98406	-1396.74	-0.00268688	0.00167915	0.171378	1.04914
4	-1393.02	-0.00339753	0.00130049	0.163939	0.80559
4.01606	-1388.25	-0.00351479	0.00152568	0.172985	0.942047
4.03226	-1382.55	0.00253736	0.00172133	0.168487	1.06323
4.04858	-1373.06	0.00111988	0.00166876	0.164147	1.02969
4.06504	-1364.57	-0.00040328	0.00161405	0.161739	0.99254
4.08163	-1356.44	-0.00246619	0.00170907	0.163068	1.04308
4.09836	-1348.16	0.00286509	0.00186136	0.158356	1.13042
4.11523	-1346.7	-0.00275375	0.00162864	0.155387	0.984793
4.13223	-1342.17	-0.00186232	0.00150911	0.152743	0.910912
4.14938	-1331.99	0.0010111	0.0016399	0.155503	0.987424
4.16667	-1326.03	-0.00172992	0.00164428	0.152357	0.984771
4.1841	-1318.2	0.000575627	0.00154209	0.150697	0.921199
4.20168	-1312.88	0.00012261	0.00154932	0.14956	0.921835
4.21941	-1306.5	0.0167796	0.00172145	0.155907	0.853137
4.23729	-1297.32	0.000769305	0.00160817	0.146326	0.948469
4.25532	-1295.38	-0.0037304	0.0014725	0.148365	0.85692
4.2735	-1282.16	0.00327425	0.00121452	0.129552	0.704221
4.29185	-1280.78	-0.000703414	0.00133324	0.142338	0.776323
4.31034	-1272.83	0.000710441	0.00149657	0.141421	0.86772
4.329	-1263.41	0.00249222	0.0014189	0.133589	0.815827
4.34783	-1259.59	-0.00607808	0.00149014	0.110891	0.83559
4.36681	-1253.55	0.000156162	0.00141392	0.13497	0.809453
4.38596	-1248.65	0.00407397	0.0014791	0.134012	0.833626
4.40529	-1235.37	-0.00331094	0.00124034	0.146036	0.697672
4.42478	-1229.49	0.00415441	0.00129802	0.126626	0.723628
4.44444	-1225.74	-0.000638447	0.00139938	0.129389	0.786922
4.46429	-1219.68	0.000945479	0.00126587	0.127643	0.708388
4.4843	-1211.5	-6.85099e-05	0.00144463	0.127038	0.805377
4.5045	-1208.92	-7.63474e-05	0.00132892	0.124918	0.737547
4.52489	-1218.92	0.0144635	0.00291699	0.130615	1.49606
4.54545	-1194.71	-0.000171427	0.00131685	0.123715	0.72425
4.56621	-1185.49	-0.00237697	0.00130273	0.121299	0.710151
4.58716	-1181.86	-0.00164764	0.00139818	0.120386	0.760529
4.60829	-1175.3	-0.0199887	0.00173807	0.0988351	0.726147
4.62963	-1170.95	-0.000655961	0.00116217	0.117219	0.627338
4.65116	-1165.82	-0.000395157	0.00117181	0.121095	0.629764
4.6729	-1157.04	-0.00201846	0.00129785	0.123012	0.692167
4.69484	-1150.02	-0.000172063	0.00124325	0.113998	0.662013
4.71698	-1144.45	0.000182402	0.00129214	0.111876	0.684815
4.73934	-1137.82	-4.66484e-05	0.00124645	0.111385	0.6575
4.7619	-1131.01	0.00104734	0.00126143	0.113611	0.661674
4.78469	-1126.71	-0.000264372	0.00121962	0.10813	0.637215
4.80769	-1117.89	7.60771e-05	0.00117313	0.10476	0.610024
4.83092	-1115	-0.00141033	0.00117023	0.107843	0.604565
4.85437	-1110.7	0.000411295	0.00123496	0.103836	0.635917
4.87805	-1103.19	-0.00075456	0.00124891	0.0986356	0.639775
4.90196	-1095.98	0.000635501	0.00115662	0.102879	0.589669
4.92611	-1088.27	0.000628385	0.00116778	0.101543	0.592446
4.9505	-1084.32	-0.00402489	0.00105853	0.094342	0.526377
4.97512	-1077.33	-0.000651543	0.00115894	0.0984605	0.582156
5	-1068.97	-0.00130961	0.00128989	0.0994356	0.644088
5.02513	-1070.07	-0.000550004	0.00113489	0.0972698	0.564459
5.05051	-1055.01	0.00520251	0.00100013	0.0903132	0.481665
5.07614	-1051.45	-0.000729856	0.00109938	0.0919674	0.541181
5.10204	-1047.62	0.00145263	0.00100301	0.0926758	0.49044
5.12821	-1039.83	-0.000507323	0.00108224	0.0932701	0.527464
5.15464	-1032.89	-0.0026443	0.00114764	0.0915989	0.553216
5.18135	-1029.13	-0.00151602	0.00112547	0.0916285	0.541931
5.20833	-1021.11	-0.00126547	0.00111281	0.0870607	0.533378
5.2356	-1016.41	-0.000121703	0.00107046	0.0874031	0.511136
5.26316	-1007.95	0.000323848	0.00106697	0.0844966	0.506761
5.29101	-1003.11	0.000781367	0.00106412	0.0850622	0.502508
5.31915	-998.015	-0.00156034	0.00107228	0.0824535	0.502825
5.34759	-989.912	0.000355823	0.00107662	0.0842038	0.503261
5.37634	-989.724	0.00197479	0.00108352	0.0827767	0.502024
5.40541	-980.166	-0.00033081	0.00102292	0.0813443	0.473049
5.43478	-973.771	-0.000149563	0.00103252	0.0807955	0.474949
5.46448	-967.886	-0.000439213	0.00116242	0.0807358	0.531721
5.49451	-961.189	-0.00132519	0.000948513	0.0701702	0.430774
5.52486	-961.339	-0.00191401	0.00102999	0.0758389	0.464413
5.55556	-952.714	-0.00176122	0.00102313	0.0761342	0.459014
5.58659	-945.857	-0.000412164	0.00101433	0.0746225	0.453835
5.61798	-937.46	-0.000266285	0.00097673	0.0739927	0.434613
5.64972	-932.915	0.000694594	0.000977674	0.0729799	0.432407
5.68182	-928.408	0.000382232	0.000962953	0.0709607	0.423635
5.71429	-923.451	0.000496382	0.000900942	0.0736339	0.394054
5.74713	-915.152	0.00122193	0.000902731	0.0701912	0.392038
5.78035	-909.592	0.000473154	0.000919073	0.0703873	0.397402
5.81395	-904.903	-0.00085732	0.000922704	0.0681443	0.396447
5.84795	-898.486	-0.000317905	0.000938834	0.0664281	0.401309
5.88235	-893.874	0.00177364	0.00092748	0.0666315	0.392842
5.91716	-886.034	-0.000736076	0.000929661	0.0673689	0.392553
5.95238	-879.401	-0.000307262	0.000880364	0.0652467	0.369713
5.98802	-875.479	-0.00182524	0.000940873	0.0633677	0.391424
6.0241	-868.654	0.00064272	0.000918511	0.0620006	0.381011
6.06061	-864.506	0.00193921	0.000879236	0.0650404	0.361133
6.09756	-859.038	0.000318394	0.000893082	0.0612696	0.366122
6.13497	-853.063	-0.000449053	0.00091644	0.0592913	0.373367
6.17284	-844.325	-0.000626807	0.000913467	0.0600688	0.369795
6.21118	-840.839	-9.47981e-05	0.000842753	0.0584627	0.339205
6.25	-836.84	-0.000516695	0.000874888	0.0598091	0.349848
6.28931	-830.139	-0.000944258	0.000866159	0.0576835	0.343944
6.32911	-822.952	0.00219618	0.000862482	0.055284	0.338775
6.36943	-832.165	0.000141545	0.00060873	0.0518285	0.238919
6.41026	-811.295	0.000872029	0.000864404	0.0533094	0.336821
6.45161	-805.211	-0.000679079	0.000904008	0.0538707	0.350124
6.49351	-801.369	-0.000520575	0.000838353	0.0529122	0.322662
6.53595	-795.934	-0.00111366	0.000833789	0.0535935	0.31845
6.57895	-790.867	-0.00149918	0.000837276	0.0502235	0.317311
6.62252	-783.793	8.19304e-05	0.000837672	0.0498098	0.316219
6.66667	-780.884	0.000448766	0.00081347	0.0484767	0.304976
6.71141	-772.782	-0.000582912	0.000806488	0.048759	0.30029
6.75676	-762.507	6.98281e-05	0.000742865	0.0507596	0.274858
6.80272	-761.569	-0.000316858	0.000803079	0.0481386	0.295095
6.84932	-756.428	-0.00105523	0.000825341	0.0474897	0.300843
6.89655	-751.313	-0.000262873	0.000799248	0.0466796	0.289702
6.94444	-745.74	0.000215445	0.000805407	0.0461895	0.28993
6.99301	-740.472	-0.000155348	0.000765526	0.0455603	0.273667
7.04225	-735.926	-0.000112515	0.000777693	0.0451566	0.276077
7.0922	-728.337	-0.000685126	0.000791657	0.0434893	0.278894
7.14286	-723.802	0.000425609	0.000805002	0.0435967	0.281687
7.19424	-717.618	4.50894e-05	0.000792085	0.0425094	0.275249
7.24638	-713.051	0.000362708	0.000767245	0.041805	0.264654
7.29927	-707.486	-0.000556937	0.00073022	0.0417542	0.249994
7.35294	-702.523	-0.00071553	0.000793472	0.0380427	0.269606
7.40741	-696.919	0.00239053	0.000785408	0.039918	0.263147
7.46269	-692.591	-9.2293e-05	0.000727493	0.0386792	0.243707
7.5188	-684.119	0.00136659	0.000727393	0.0380171	0.241237
7.57576	-678.609	-0.000124342	0.000761607	0.0378054	0.251325
7.63359	-673.167	-0.000939561	0.000745943	0.0379964	0.244007
7.69231	-668.32	0.000152294	0.000739844	0.0366331	0.240442
7.75194	-664.102	0.000176087	0.000744137	0.0365773	0.239974
7.8125	-657.532	-0.000140042	0.000720714	0.0358626	0.230622
7.87402	-652.556	-0.00141647	0.000693041	0.0335702	0.219404
7.93651	-646.349	-0.000625384	0.000704001	0.0352162	0.221637
8	-640.889	0.000789962	0.000677796	0.0343237	0.211616
8.06452	-640.293	0.00115051	0.000679716	0.0328329	0.210302
8.13008	-630.735	-0.000197872	0.000696056	0.0328318	0.214025
8.19672	-625.43	0.00141693	0.000723779	0.0318108	0.22014
8.26446	-620.984	-3.20984e-05	0.000661333	0.0308973	0.200053
8.33333	-614.795	0.000533482	0.000738977	0.0314563	0.221608
8.40336	-609.12	0.000851669	0.000694578	0.0300464	0.206421
8.47458	-605.21	0.000867842	0.000694435	0.0291965	0.204636
8.54701	-597.959	-0.000148471	0.000707383	0.0290341	0.206903
8.62069	-592.506	-0.000572543	0.00068856	0.0283946	0.199587
8.69565	-588.196	0.00101316	0.000690365	0.0279387	0.198185
8.77193	-582.178	-1.58125e-05	0.000674652	0.0274351	0.192276
8.84956	-582.074	-0.00275842	0.000786428	0.0279831	0.220016
8.92857	-572.162	-0.000601799	0.000691409	0.0258253	0.193493
9.00901	-566.253	0.000798336	0.00069718	0.0260166	0.193291
9.09091	-562.571	-0.00015465	0.000755128	0.0269245	0.207654
9.17431	-555.47	0.000166753	0.000654034	0.0250801	0.178217
9.25926	-550.16	-0.000305235	0.000641014	0.0246418	0.173049
9.34579	-543.544	-0.000338892	0.000667956	0.0236944	0.178648
9.43396	-539.94	-0.00203734	0.000665471	0.0247324	0.17525
9.52381	-535.596	0.00081451	0.000615213	0.0229222	0.161319
9.61538	-529.863	-0.000182014	0.000624652	0.0229674	0.162401
9.70874	-523.829	6.36061e-05	0.000651597	0.0224155	0.167785
9.80392	-520.237	0.00107172	0.00063953	0.0218207	0.162787
9.90099	-514.376	0.000239048	0.000630853	0.0214976	0.159276
10	-505.971	0.00133514	0.000626927	0.0210727	0.156286
10.101	-503.357	-0.000731497	0.000645124	0.0206638	0.159536
10.2041	-498.762	0.000935617	0.000608832	0.020066	0.148949
10.3093	-490.977	-0.000298349	0.000609307	0.019713	0.147735
10.4167	-488.53	0.00153479	0.00061182	0.0192294	0.146272
10.5263	-483.859	0.000456668	0.000607228	0.0184924	0.144167
10.6383	-476.827	0.00090555	0.000654609	0.0187782	0.15364
10.7527	-470.479	0.000267431	0.000598826	0.0183147	0.13921
10.8696	-466.155	0.000340664	0.000596804	0.0181493	0.137238
10.989	-461.098	-0.00120477	0.000579573	0.0176627	0.131523
11.1111	-461.238	-0.00117531	0.000591879	0.0165024	0.132862
11.236	-452.648	-0.000167668	0.000588891	0.0164644	0.131022
11.3636	-448.01	0.00109752	0.000586382	0.0157571	0.128739
11.4943	-439.843	-0.000878546	0.000592315	0.0158502	0.128661
11.6279	-433.622	-0.000435178	0.000578743	0.0154321	0.124389
11.7647	-436.209	-0.00107979	0.000538447	0.0151649	0.114172
11.9048	-425.656	0.000529832	0.000574263	0.0145788	0.120536
12.0482	-418.917	0.000258195	0.000586183	0.0142477	0.121619
12.1951	-414.776	0.00475657	0.000638145	0.0137026	0.126182
12.3457	-409.335	0.000103753	0.000571496	0.0136095	0.115726
12.5	-404.176	-0.000218115	0.000565756	0.012992	0.113142
12.6582	-399.425	-5.55878e-05	0.000572376	0.0129001	0.113044
12.8205	-393.06	0.000211101	0.000570335	0.0124865	0.111207
12.987	-388.18	0.000107039	0.000562215	0.0122574	0.108224
13.1579	-385.747	0.00105025	0.00054887	0.0110805	0.104076
13.3333	-378.95	-0.000235653	0.000535579	0.0113656	0.100411
13.5135	-374.067	0.000706933	0.000567051	0.0111669	0.104812
13.6986	-367.405	0.00020245	0.000547951	0.0109923	0.0999936
13.8889	-363.983	0.000521019	0.000571943	0.0105021	0.102901
14.0845	-357.77	-0.000135467	0.000545426	0.0103791	0.0968099
14.2857	-352.712	2.84092e-05	0.000522066	0.00990158	0.0913613
14.4928	-349.836	-0.000203303	0.000518347	0.00979475	0.0894077
14.7059	-342.646	9.87059e-05	0.000529274	0.00947031	0.089975
14.9254	-337.055	-3.30061e-05	0.000553704	0.00938168	0.0927452
15.1515	-332.746	0.00021062	0.000524546	0.0089063	0.0865427
15.3846	-329.237	0.000294135	0.000514388	0.00853517	0.0835739
15.625	-321.144	0.000222633	0.000532138	0.00822001	0.0851342
15.873	-317.612	0.000315548	0.000526127	0.00809737	0.0828494
16.129	-310.83	-0.000874757	0.000515953	0.0077365	0.0798541
16.3934	-307.6	-0.000951392	0.00053013	0.00775533	0.0807068
16.6667	-300.199	8.73758e-06	0.00052107	0.00736487	0.0781604
16.9492	-298.642	-0.0013046	0.000503663	0.00712419	0.0740393
17.2414	-292.932	0.000561628	0.000507703	0.0069277	0.0735713
17.5439	-285.933	0.000167045	0.000514349	0.00664464	0.0732907
17.8571	-280.436	-0.000598846	0.000521271	0.00633143	0.0729277
18.1818	-276.099	0.000152964	0.00050769	0.00617058	0.0698042
18.5185	-271.99	-0.000158236	0.000501709	0.00586545	0.0677273
18.8679	-267.865	-0.000216162	0.000516357	0.0057118	0.0684112
19.2308	-260.88	0.000481023	0.000528801	0.00546904	0.0687141
19.6078	-257.117	-8.84018e-06	0.000490955	0.0052607	0.0625968
20	-251.623	0.000883521	0.000488275	0.00513811	0.0609369
20.4082	-246.242	-0.000499541	0.000489569	0.00473151	0.0599417
20.8333	-241.12	-0.000361712	0.000499372	0.0046038	0.0599089
21.2766	-235.113	-0.000149706	0.000480267	0.00435068	0.0564288
21.7391	-230.02	-0.000399206	0.000490446	0.00424675	0.0563829
22.2222	-226.701	0.000642789	0.000492008	0.00411551	0.0553044
22.7273	-221.167	6.16949e-05	0.000491365	0.00397517	0.0540497
23.2558	-214.601	0.000525325	0.000482264	0.00366765	0.0518137
23.8095	-209.618	0.000117157	0.000473126	0.00356683	0.0496768
24.3902	-205.391	-0.000957089	0.000530026	0.00354836	0.0542337
25	-200.743	-0.00172347	0.000429688	0.0031212	0.0426718
25.641	-195.739	0.000188993	0.000475883	0.00304912	0.0463951
26.3158	-191.71	-0.00153002	0.000457024	0.00300408	0.0431949
27.027	-184.218	-0.000815421	0.000475059	0.00275568	0.0438815
27.7778	-179.66	0.000622217	0.00046273	0.0026158	0.0416109
28.5714	-175.669	-2.59948e-05	0.000453312	0.0024725	0.0396648
29.4118	-169.736	-0.000264647	0.000447163	0.00231426	0.0380029
30.303	-165.335	-3.68288e-05	0.000463645	0.0021897	0.0382506
31.25	-160.852	0.00014142	0.000458363	0.00199805	0.0366675
32.2581	-157.54	3.90358e-05	0.000464444	0.00195325	0.0359943
33.3333	-152.445	-0.00041171	0.000478451	0.00185225	0.0358711
34.4828	-145.443	-0.000759553	0.000451242	0.00168647	0.0326732
35.7143	-138.395	-0.000983121	0.000326084	0.00160426	0.0227582
37.037	-136.268	0.000266752	0.000452832	0.00146106	0.0305614
38.4615	-131.212	0.000117231	0.000444578	0.0013714	0.0288967
40	-125.38	-1.38343e-05	0.000443894	0.00125777	0.0277433
41.6667	-117.597	-0.000425311	0.000409423	0.00117289	0.0245545
43.4783	-115.884	0.000279475	0.000426988	0.00106059	0.0245473
45.4545	-114.707	-0.000251963	0.000433792	0.000959376	0.0238551
47.619	-105.04	-0.000401192	0.000435469	0.000877309	0.0228537
50	-100.012	4.28351e-05	0.000441041	0.000802683	0.022052
52.6316	-103.518	0.0108965	0.000427428	0.000649137	0.0146629
55.5556	-88.5926	-0.000616211	0.000412314	0.000663113	0.0185371
58.8235	-84.4653	-0.000187118	0.000435462	0.000565137	0.0185056
62.5	-79.2124	0.000284094	0.000420152	0.000509968	0.0168028
66.6667	-73.6065	-0.000337648	0.000421836	0.000464348	0.0158146
71.4286	-69.5827	0.000133478	0.00042135	0.000400262	0.0147466
76.9231	-64.9726	0.000262467	0.000423625	0.000339538	0.0137656
83.3333	-60.3821	3.1548e-05	0.000416085	0.000289874	0.0124825
90.9091	-54.7976	-1.51586e-05	0.000405336	0.000244824	0.0111467
