1/beta	E	M	C	X
0.5	-2250	9.02268e+07	8.14089e+15	0	0
0.501253	-2250	9.02268e+07	8.14089e+15	0	0
0.502513	-2250	9.02268e+07	8.14089e+15	0	0
0.503778	-2250	9.02268e+07	8.14089e+15	0	0
0.505051	-2250	9.02268e+07	8.14089e+15	0	0
0.506329	-2250	9.02268e+07	8.14089e+15	0	0
0.507614	-2250	9.02268e+07	8.14089e+15	0	0
0.508906	-2250	9.02268e+07	8.14089e+15	0	0
0.510204	-2250	9.02268e+07	8.14089e+15	0	0
0.511509	-2250	9.02268e+07	8.14089e+15	0	0
0.512821	-2250	9.02268e+07	8.14089e+15	0	0
0.514139	-2250	9.02268e+07	8.14089e+15	0	0
0.515464	-2250	9.02268e+07	8.14089e+15	0	0
0.516796	-2250	9.02268e+07	8.14089e+15	0	0
0.518135	-2250	9.02268e+07	8.14089e+15	0	0
0.519481	-2250	9.02268e+07	8.14089e+15	0	0
0.520833	-2250	9.02268e+07	8.14089e+15	0	0
0.522193	-2250	9.02268e+07	8.14089e+15	0	0
0.52356	-2250	9.02268e+07	8.14089e+15	0	0
0.524934	-2250	9.02268e+07	8.14089e+15	0	0
0.526316	-2250	9.02268e+07	8.14089e+15	0	0
0.527704	-2250	9.02268e+07	8.14089e+15	0	0
0.529101	-2250	9.02268e+07	8.14089e+15	0	0
0.530504	-2250	9.02268e+07	8.14089e+15	0	0
0.531915	-2250	9.02268e+07	8.14089e+15	0	0
0.533333	-2250	9.02268e+07	8.14089e+15	0	0
0.534759	-2250	9.02268e+07	8.14089e+15	0	0
0.536193	-2250	9.02268e+07	8.14089e+15	0	0
0.537634	-2250	9.02268e+07	8.14089e+15	0	0
0.539084	-2250	9.02268e+07	8.14089e+15	0	0
0.540541	-2250	9.02268e+07	8.14089e+15	0	0
0.542005	-2250	9.02268e+07	8.14089e+15	0	0
0.543478	-2250	9.02268e+07	8.14089e+15	0	0
0.544959	-2250	9.02268e+07	8.14089e+15	0	0
0.546448	-2250	9.02268e+07	8.14089e+15	0	0
0.547945	-2250	9.02268e+07	8.14089e+15	0	0
0.549451	-2250	9.02268e+07	8.14089e+15	0	0
0.550964	-2250	9.02268e+07	8.14089e+15	0	0
0.552486	-2250	9.02268e+07	8.14089e+15	0	0
0.554017	-2250	9.02268e+07	8.14089e+15	0	0
0.555556	-2250	9.02268e+07	8.14089e+15	0	0
0.557103	-2250	9.02268e+07	8.14089e+15	0	0
0.558659	-2250	9.02268e+07	8.14089e+15	0	0
0.560224	-2250	9.02268e+07	8.14089e+15	0	0
0.561798	-2250	9.02268e+07	8.14089e+15	0	0
0.56338	-2250	9.02268e+07	8.14089e+15	0	0
0.564972	-2250	9.02268e+07	8.14089e+15	0	0
0.566572	-2250	9.02268e+07	8.14089e+15	0	0
0.568182	-2250	9.02268e+07	8.14089e+15	0	0
0.569801	-2250	9.02268e+07	8.14089e+15	0	0
0.571429	-2250	9.02268e+07	8.14089e+15	0	0
0.573066	-2250	9.02268e+07	8.14089e+15	0	0
0.574713	-2250	9.02268e+07	8.14089e+15	0	0
0.576369	-2250	9.02268e+07	8.14089e+15	0	0
0.578035	-2250	9.02268e+07	8.14089e+15	0	0
0.57971	-2250	9.02268e+07	8.14089e+15	0	0
0.581395	-2250	9.02268e+07	8.14089e+15	0	0
0.58309	-2250	9.02268e+07	8.14089e+15	0	0
0.584795	-2250	9.02268e+07	8.14089e+15	0	0
0.58651	-2250	9.02268e+07	8.14089e+15	0	0
0.588235	-2250	9.02268e+07	8.14089e+15	0	0
0.589971	-2250	9.02268e+07	8.14089e+15	0	0
0.591716	-2250	9.02268e+07	8.14089e+15	0	0
0.593472	-2250	9.02268e+07	8.14089e+15	0	0
0.595238	-2250	9.02268e+07	8.14089e+15	0	0
0.597015	-2250	9.02268e+07	8.14089e+15	0	0
0.598802	-2250	9.02268e+07	8.14089e+15	0	0
0.600601	-2250	9.02268e+07	8.14089e+15	0	0
0.60241	-2250	9.02268e+07	8.14089e+15	0	0
0.60423	-2250	9.02268e+07	8.14089e+15	0	0
0.606061	-2250	9.02268e+07	8.14089e+15	0	0
0.607903	-2250	9.02268e+07	8.14089e+15	0	0
0.609756	-2250	9.02268e+07	8.14089e+15	0	0
0.611621	-2250	9.02268e+07	8.14089e+15	0	0
0.613497	-2250	9.02268e+07	8.14089e+15	0	0
0.615385	-2250	9.02268e+07	8.14089e+15	0	0
0.617284	-2250	9.02268e+07	8.14089e+15	0	0
0.619195	-2250	9.02268e+07	8.14089e+15	0	0
0.621118	-2250	9.02268e+07	8.14089e+15	0	0
0.623053	-2250	9.02268e+07	8.14089e+15	0	0
0.625	-2250	9.02268e+07	8.14089e+15	0	0
0.626959	-2250	9.02268e+07	8.14089e+15	0	0
0.628931	-2250	9.02268e+07	8.14089e+15	0	0
0.630915	-2250	9.02268e+07	8.14089e+15	0	0
0.632911	-2250	9.02268e+07	8.14089e+15	0	0
0.634921	-2250	9.02268e+07	8.14089e+15	0	0
0.636943	-2250	9.02268e+07	8.14089e+15	0	0
0.638978	-2250	9.02268e+07	8.14089e+15	0	0
0.641026	-2250	9.02268e+07	8.14089e+15	0	0
0.643087	-2250	9.02268e+07	8.14089e+15	0	0
0.645161	-2250	9.02268e+07	8.14089e+15	0	0
0.647249	-2250	9.02268e+07	8.14089e+15	0	0
0.649351	-2250	9.02268e+07	8.14089e+15	0	0
0.651466	-2250	9.02268e+07	8.14089e+15	0	0
0.653595	-2250	9.02268e+07	8.14089e+15	0	0
0.655738	-2250	9.02268e+07	8.14089e+15	0	0
0.657895	-2250	9.02268e+07	8.14089e+15	0	0
0.660066	-2250	9.02268e+07	8.14089e+15	0	0
0.662252	-2250	9.02268e+07	8.14089e+15	0	0
0.664452	-2250	9.02268e+07	8.14089e+15	0	0
0.666667	-2250	9.02268e+07	8.14089e+15	0	0
0.668896	-2250	9.02268e+07	8.14089e+15	0	0
0.671141	-2250	9.02268e+07	8.14089e+15	0	0
0.673401	-2250	9.02268e+07	8.14089e+15	0	0
0.675676	-2250	9.02268e+07	8.14089e+15	0	0
0.677966	-2250	9.02268e+07	8.14089e+15	0	0
0.680272	-2250	9.02268e+07	8.14089e+15	0	0
0.682594	-2250	9.02268e+07	8.14089e+15	0	0
0.684932	-2250	9.02268e+07	8.14089e+15	0	0
0.687285	-2250	9.02268e+07	8.14089e+15	0	0
0.689655	-2250	9.02268e+07	8.14089e+15	0	0
0.692042	-2250	9.02268e+07	8.14089e+15	0	0
0.694444	-2250	9.02268e+07	8.14089e+15	0	0
0.696864	-2250	9.02268e+07	8.14089e+15	0	0
0.699301	-2250	9.02268e+07	8.14089e+15	0	0
0.701754	-2250	9.02268e+07	8.14089e+15	0	0
0.704225	-2250	9.02268e+07	8.14089e+15	0	0
0.706714	-2250	9.02268e+07	8.14089e+15	0	0
0.70922	-2250	9.02268e+07	8.14089e+15	0	0
0.711744	-2250	9.02268e+07	8.14089e+15	0	0
0.714286	-2250	9.02268e+07	8.14089e+15	0	0
0.716846	-2250	9.02268e+07	8.14089e+15	0	0
0.719424	-2250	9.02268e+07	8.14089e+15	0	0
0.722022	-2250	9.02268e+07	8.14089e+15	0	0
0.724638	-2250	9.02268e+07	8.14089e+15	0	0
0.727273	-2250	9.02268e+07	8.14089e+15	0	0
0.729927	-2250	9.02268e+07	8.14089e+15	0	0
0.732601	-2250	9.02268e+07	8.14089e+15	0	0
0.735294	-2250	9.02268e+07	8.14089e+15	0	0
0.738007	-2250	9.02268e+07	8.14089e+15	0	0
0.740741	-2250	9.02268e+07	8.14089e+15	0	0
0.743494	-2250	9.02268e+07	8.14089e+15	0	0
0.746269	-2250	9.02268e+07	8.14089e+15	0	0
0.749064	-2250	9.02268e+07	8.14089e+15	0	0
0.75188	-2250	9.02268e+07	8.14089e+15	0	0
0.754717	-2250	9.02268e+07	8.14089e+15	0	0
0.757576	-2250	9.02268e+07	8.14089e+15	0	0
0.760456	-2250	9.02268e+07	8.14089e+15	0	0
0.763359	-2250	9.02268e+07	8.14089e+15	0	0
0.766284	-2250	9.02268e+07	8.14089e+15	0	0
0.769231	-2250	9.02268e+07	8.14089e+15	0	0
0.772201	-2250	9.02268e+07	8.14089e+15	0	0
0.775194	-2250	9.02268e+07	8.14089e+15	0	0
0.77821	-2250	9.02268e+07	8.14089e+15	0	0
0.78125	-2250	9.02268e+07	8.14089e+15	0	0
0.784314	-2250	9.02268e+07	8.14089e+15	0	0
0.787402	-2250	9.02268e+07	8.14089e+15	0	0
0.790514	-2250	9.02268e+07	8.14089e+15	0	0
0.793651	-2250	9.02254e+07	8.14063e+15	0	0
0.796813	-2250	9.02254e+07	8.14063e+15	0	0
0.8	-2250	9.02254e+07	8.14063e+15	0	0
0.803213	-2250	9.02254e+07	8.14063e+15	0	0
0.806452	-2250	9.02254e+07	8.14063e+15	0	0
0.809717	-2250	9.02254e+07	8.14063e+15	0	0
0.813008	-2250	9.02254e+07	8.14063e+15	0	0
0.816327	-2250	9.02254e+07	8.14063e+15	0	0
0.819672	-2250	9.02254e+07	8.14063e+15	0	0
0.823045	-2250	9.02254e+07	8.14063e+15	0	0
0.826446	-2250	9.02254e+07	8.14063e+15	0	0
0.829876	-2250	9.02254e+07	8.14063e+15	0	0
0.833333	-2250	9.02254e+07	8.14063e+15	0	0
0.83682	-2250	9.02254e+07	8.14063e+15	0	0
0.840336	-2250	9.02254e+07	8.14063e+15	0	0
0.843882	-2250	9.02254e+07	8.14063e+15	0	0
0.847458	-2250	9.02254e+07	8.14063e+15	0	0
0.851064	-2250	9.02254e+07	8.14063e+15	0	0
0.854701	-2250	9.02254e+07	8.14063e+15	0	0
0.858369	-2250	9.02261e+07	8.14077e+15	0	0
0.862069	-2250	9.02261e+07	8.14077e+15	0	0
0.865801	-2250	9.02261e+07	8.14077e+15	0	0
0.869565	-2250	9.02261e+07	8.14077e+15	0	0
0.873362	-2250	9.02261e+07	8.14077e+15	0	0
0.877193	-2250	9.02229e+07	8.14018e+15	0	0
0.881057	-2250	9.02229e+07	8.14018e+15	0	0
0.884956	-2250	9.02229e+07	8.14018e+15	0	0
0.888889	-2250	9.02229e+07	8.14018e+15	0	0
0.892857	-2250	9.02229e+07	8.14018e+15	0	0
0.896861	-2250	9.02229e+07	8.14018e+15	0	0
0.900901	-2250	9.02229e+07	8.14018e+15	0	0
0.904977	-2250	9.02229e+07	8.14018e+15	0	0
0.909091	-2250	9.02229e+07	8.14018e+15	0	0
0.913242	-2250	9.02229e+07	8.14018e+15	0	0
0.917431	-2250	9.02229e+07	8.14018e+15	0	0
0.921659	-2250	9.02229e+07	8.14018e+15	0	0
0.925926	-2250	9.02229e+07	8.14018e+15	0	0
0.930233	-2250	9.02229e+07	8.14018e+15	0	0
0.934579	-2250	9.02229e+07	8.14018e+15	0	0
0.938967	-2250	9.02229e+07	8.14018e+15	0	0
0.943396	-2250	9.02229e+07	8.14018e+15	0	0
0.947867	-2250	9.02229e+07	8.14018e+15	0	0
0.952381	-2250	9.02229e+07	8.14018e+15	0	0
0.956938	-2250	9.02229e+07	8.14018e+15	0	0
0.961538	-2250	9.02229e+07	8.14018e+15	0	0
0.966184	-2250	9.022e+07	8.13966e+15	0	0
0.970874	-2250	9.022e+07	8.13966e+15	0	0
0.97561	-2250	9.022e+07	8.13966e+15	0	0
0.980392	-2250	9.02149e+07	8.13874e+15	0	0
0.985222	-2250	9.02149e+07	8.13874e+15	0	0
0.990099	-2250	9.02149e+07	8.13874e+15	0	0
0.995025	-2250	9.02119e+07	8.1382e+15	0	0
1	-2250	9.02119e+07	8.1382e+15	0	0
1.00503	-2250	9.02119e+07	8.1382e+15	0	0
1.0101	-2249.25	1.11763e+08	1.2649e+16	0.0081745	0.000407757
1.01523	-2250	9.3163e+07	8.68273e+15	0	0
1.02041	-2250	9.02082e+07	8.13753e+15	0	0
1.02564	-2249.25	1.11763e+08	1.2649e+16	0.00792866	0.000401578
1.03093	-2250	9.31627e+07	8.68268e+15	0	0
1.03627	-2250	9.23454e+07	8.52955e+15	0	0
1.04167	-2250	9.03347e+07	8.16039e+15	0	0
1.04712	-2247.61	1.48816e+08	2.33004e+16	0.0240759	0.00130055
1.05263	-2250	9.3169e+07	8.68394e+15	0	0
1.0582	-2248.27	1.26753e+08	1.65175e+16	0.020334	0.00106259
1.06383	-2247.47	1.49947e+08	2.36839e+16	0.0198211	0.00108683
1.06952	-2250	9.10028e+07	8.28187e+15	0	0
1.07527	-2247.71	1.96835e+08	4.25516e+16	0.0185777	0.00100224
1.08108	-2250	9.38045e+07	8.80417e+15	0	0
1.08696	-2248.36	2.06543e+08	4.71912e+16	0.0130403	0.000717465
1.0929	-2248.19	1.27871e+08	1.68296e+16	0.0141278	0.000762482
1.0989	-2248.49	9.54633e+07	9.12343e+15	0.0103829	0.000563445
1.10497	-2248.7	1.01593e+08	1.03662e+16	0.0118475	0.000887397
1.11111	-2247.38	1.9015e+08	3.9504e+16	0.0209767	0.00116052
1.11732	-2246.97	2.88303e+08	9.62386e+16	0.0232177	0.00129679
1.1236	-2247.74	1.4762e+08	2.29001e+16	0.0187905	0.00104261
1.12994	-2247.97	1.34707e+08	1.88141e+16	0.0244451	0.00136403
1.13636	-2247.34	1.56706e+08	2.60435e+16	0.0208256	0.0012028
1.14286	-2246.94	5.50135e+08	3.73238e+17	0.0254454	0.00148797
1.14943	-2247.21	1.44579e+08	2.18979e+16	0.0198621	0.00112803
1.15607	-2246.85	1.26792e+08	1.65295e+16	0.0203521	0.00121909
1.16279	-2250	9.01664e+07	8.12999e+15	0	0
1.16959	-2246.36	2.44592e+08	6.78001e+16	0.0302169	0.00184701
1.17647	-2245.7	9.41978e+08	1.12935e+18	0.0326644	0.00198667
1.18343	-2245.89	3.276e+08	1.26153e+17	0.0271089	0.00164413
1.19048	-2245.73	1.88198e+08	3.86395e+16	0.0302693	0.00189041
1.1976	-2244.71	1.54813e+08	2.53716e+16	0.0342997	0.00212493
1.20482	-2244.59	1.13164e+08	1.29866e+16	0.0364192	0.00218931
1.21212	-2243.69	1.7725e+08	3.39623e+16	0.0387125	0.00270322
1.21951	-2244.97	7.47537e+08	7.0296e+17	0.0318987	0.00204953
1.22699	-2244.49	2.41155e+08	6.57831e+16	0.0359718	0.0022566
1.23457	-2244.46	8.31165e+08	8.73969e+17	0.0385496	0.0024916
1.24224	-2244.12	4.31951e+08	2.25585e+17	0.0401103	0.00260396
1.25	-2243.76	1.33411e+08	1.84302e+16	0.0456366	0.00290114
1.25786	-2243.5	3.16649e+08	1.17419e+17	0.0495232	0.00325623
1.26582	-2243.54	7.16649e+08	6.4453e+17	0.0413962	0.0027366
1.27389	-2241.69	3.12481e+08	1.14177e+17	0.0526905	0.00352403
1.28205	-2243.04	3.04496e+08	1.08087e+17	0.0414121	0.00286402
1.29032	-2237.39	9.79172e+07	9.60957e+15	0.0454392	0.00317852
1.2987	-2241.61	1.08116e+09	1.49652e+18	0.0503642	0.00345592
1.30719	-2241.51	4.46774e+08	2.42078e+17	0.0537192	0.00372057
1.31579	-2241.96	1.88979e+08	3.89959e+16	0.0481325	0.00323815
1.3245	-2240.24	2.73684e+08	8.6174e+16	0.0584338	0.00424826
1.33333	-2239.89	3.85552e+08	1.77831e+17	0.0591026	0.00423113
1.34228	-2238.6	1.19412e+08	1.45519e+16	0.0601565	0.00424969
1.35135	-2238.69	1.34654e+09	2.33968e+18	0.0613916	0.00446933
1.36054	-2237.9	7.3571e+08	6.80406e+17	0.0702914	0.00518615
1.36986	-2237.69	1.3466e+09	2.33987e+18	0.0651924	0.00482801
1.37931	-2235.99	1.56469e+08	2.59685e+16	0.0689373	0.00543439
1.38889	-2236.86	4.44695e+08	2.3977e+17	0.0705723	0.00520803
1.3986	-2235.51	1.72509e+09	3.86748e+18	0.0794718	0.00606247
1.40845	-2234.18	1.98979e+08	4.35743e+16	0.0860312	0.00649863
1.41844	-2234.49	8.68159e+08	9.55724e+17	0.0795494	0.00614146
1.42857	-2232.58	2.30315e+08	5.96434e+16	0.0871795	0.00665934
1.43885	-2232.34	8.43814e+08	9.01652e+17	0.0917102	0.00723373
1.44928	-2231.92	9.08195e+08	1.04818e+18	0.0927259	0.00741368
1.45985	-2230.97	1.63223e+08	2.84485e+16	0.111023	0.00936724
1.47059	-2230.42	3.16235e+08	1.17115e+17	0.0896871	0.00749621
1.48148	-2229.64	2.35376e+08	6.24937e+16	0.0817806	0.00667712
1.49254	-2228.66	4.51687e+08	2.47757e+17	0.0968497	0.00794339
1.50376	-2227.5	2.15005e+09	6.03778e+18	0.10518	0.00899341
1.51515	-2226.83	8.21127e+08	8.52754e+17	0.110247	0.00941614
1.52672	-2225.33	2.77847e+09	1.01295e+19	0.11382	0.00990944
1.53846	-2223.84	1.76578e+09	4.05483e+18	0.120058	0.0104794
1.55039	-2222.76	1.39083e+09	2.49894e+18	0.122923	0.0108538
1.5625	-2221.13	3.63078e+08	1.56809e+17	0.117927	0.0105894
1.5748	-2220.7	8.11392e+08	8.32187e+17	0.12424	0.0110618
1.5873	-2216.41	5.03568e+08	3.1081e+17	0.141281	0.0129503
1.6	-2218.29	2.70481e+08	8.4107e+16	0.136255	0.0124641
1.6129	-2215.01	2.548e+09	8.50729e+18	0.15014	0.0142368
1.62602	-2211.69	1.36073e+09	2.39049e+18	0.151511	0.014435
1.63934	-2210.26	8.04194e+08	8.17123e+17	0.15872	0.0154041
1.65289	-2208.83	2.20955e+09	6.38084e+18	0.16202	0.0160125
1.66667	-2208.18	1.922e+09	4.81367e+18	0.167992	0.0165123
1.68067	-2205.05	4.33926e+09	2.48506e+19	0.174716	0.0178625
1.69492	-2203.15	1.51484e+09	2.97263e+18	0.178036	0.0180335
1.7094	-2200.24	8.7147e+08	9.63556e+17	0.17982	0.0185266
1.72414	-2196.34	6.70186e+08	5.61849e+17	0.209892	0.0218068
1.73913	-2196.22	3.12692e+08	1.14477e+17	0.195993	0.0214508
1.75439	-2192.63	4.29298e+09	2.43214e+19	0.200089	0.0217094
1.76991	-2190.49	1.35618e+09	2.37462e+18	0.211796	0.0233609
1.78571	-2187.42	4.40208e+08	2.35001e+17	0.220047	0.0248251
1.8018	-2181.81	1.77019e+09	4.0764e+18	0.227469	0.0261066
1.81818	-2180.11	4.31426e+08	2.2532e+17	0.23024	0.0265651
1.83486	-2177.72	3.00417e+09	1.18587e+19	0.236445	0.0275598
1.85185	-2172.62	1.27576e+09	2.09745e+18	0.23443	0.0285371
1.86916	-2168.7	1.32296e+09	2.25892e+18	0.265754	0.0323048
1.88679	-2164.9	2.74461e+09	9.88519e+18	0.268631	0.033894
1.90476	-2160.38	2.95259e+09	1.14547e+19	0.276553	0.0350073
1.92308	-2155.4	6.89585e+09	6.30019e+19	0.280736	0.0362092
1.94175	-2152.83	9.83331e+08	1.23464e+18	0.290708	0.0377232
1.96078	-2147.24	1.03117e+09	1.36027e+18	0.287458	0.0389941
1.9802	-2139.96	2.29287e+09	6.87961e+18	0.318917	0.0439713
2	-2133.1	2.25257e+09	6.63684e+18	0.343707	0.0484535
2.0202	-2128.6	1.81281e+09	4.27923e+18	0.348362	0.0500135
2.04082	-2121.66	5.38805e+09	3.83989e+19	0.357599	0.0528052
2.06186	-2115.47	4.96159e+09	3.25369e+19	0.370727	0.0555177
2.08333	-2111.98	1.85904e+08	3.78507e+16	0.298395	0.0460739
2.10526	-2102.44	6.13143e+08	4.68393e+17	0.378083	0.058266
2.12766	-2092.38	4.31176e+08	2.25567e+17	0.425194	0.0711284
2.15054	-2085.35	4.18946e+08	2.12631e+17	0.458719	0.0775706
2.17391	-2073.33	1.73464e+09	3.91466e+18	0.418834	0.0718654
2.1978	-2065.42	1.14847e+10	1.75224e+20	0.44782	0.0788184
2.22222	-2054.99	4.23621e+09	2.36863e+19	0.468457	0.0849058
2.24719	-2045.98	1.07714e+09	1.48779e+18	0.479663	0.0886469
2.27273	-2034.07	8.54492e+09	9.68877e+19	0.498633	0.0961654
2.29885	-2022.64	3.89469e+09	2.00101e+19	0.514143	0.101772
2.32558	-2009.95	1.04625e+10	1.45362e+20	0.526363	0.107038
2.35294	-1996.25	7.17909e+09	6.83226e+19	0.548291	0.115318
2.38095	-1982.97	3.56541e+09	1.67598e+19	0.565814	0.12255
2.40964	-1971.33	7.6919e+08	7.48764e+17	0.607635	0.136225
2.43902	-1944.84	4.4254e+08	2.391e+17	0.586816	0.144251
2.46914	-1933.31	1.05084e+09	1.41698e+18	0.596615	0.143189
2.5	-1917.83	3.984e+09	2.09469e+19	0.639102	0.160039
2.53165	-1898.32	1.10989e+09	1.5851e+18	0.684508	0.181828
2.5641	-1881.17	3.80286e+09	1.90785e+19	0.679434	0.185751
2.5974	-1858.52	1.99201e+09	5.18767e+18	0.676749	0.191095
2.63158	-1836.48	3.31286e+09	1.44641e+19	0.738739	0.220836
2.66667	-1815.48	1.06634e+09	1.46367e+18	0.775131	0.234079
2.7027	-1789.67	1.35748e+09	2.39147e+18	0.73691	0.245536
2.73973	-1764.92	5.75694e+09	4.38992e+19	0.750755	0.25491
2.77778	-1739.08	1.48902e+10	2.94831e+20	0.781415	0.276654
2.8169	-1711.67	4.89056e+09	3.16473e+19	0.807566	0.306197
2.85714	-1686.8	6.97253e+08	6.15683e+17	0.768361	0.295449
2.89855	-1649.28	6.54693e+09	5.6833e+19	0.828097	0.34111
2.94118	-1616.58	3.2071e+09	1.35642e+19	0.802844	0.352744
2.98507	-1585.69	6.6237e+09	5.81488e+19	0.890834	0.408115
3.0303	-1558.72	3.57818e+08	1.55895e+17	0.81133	0.372275
3.07692	-1513.57	7.01725e+09	6.53192e+19	0.889652	0.45995
3.125	-1476.46	6.22453e+09	5.13773e+19	0.874758	0.469252
3.1746	-1435.01	2.88155e+09	1.0948e+19	0.828041	0.480286
3.22581	-1397.04	1.33741e+10	2.37925e+20	0.839584	0.509756
3.27869	-1355.85	2.83657e+09	1.06116e+19	0.855383	0.559144
3.33333	-1320.36	3.33747e+09	1.47128e+19	0.854679	0.582508
3.38983	-1273.61	5.63169e+09	4.20583e+19	0.779391	0.567074
3.44828	-1236.4	3.23373e+09	1.38341e+19	0.795542	0.626759
3.50877	-1195.84	1.3582e+09	2.41251e+18	0.767835	0.645777
3.57143	-1150.82	1.99512e+09	5.23106e+18	0.724861	0.628707
3.63636	-1109.59	1.87999e+10	4.70681e+20	0.696691	0.651041
3.7037	-1070.07	1.71137e+10	3.90143e+20	0.66136	0.654365
3.77358	-1027.09	3.73087e+09	1.8458e+19	0.64025	0.676589
3.84615	-990.311	1.87021e+09	4.6137e+18	0.604103	0.657317
3.92157	-943.973	2.38949e+09	7.55461e+18	0.549421	0.652188
4	-906.831	1.01056e+09	1.33547e+18	0.523607	0.670548
4.08163	-872.998	5.01921e+09	3.34707e+19	0.484305	0.646325
4.16667	-837.138	6.74216e+09	6.04574e+19	0.460993	0.649717
4.25532	-803.025	5.01195e+09	3.33973e+19	0.418303	0.626126
4.34783	-773.667	3.96384e+08	2.00994e+17	0.377482	0.588013
4.44444	-734.816	4.30787e+09	2.46612e+19	0.360267	0.597877
4.54545	-706.091	4.4e+09	2.57068e+19	0.331236	0.578356
4.65116	-676.077	3.29864e+09	1.44561e+19	0.298042	0.554728
4.7619	-645.603	2.07792e+09	5.71105e+18	0.268391	0.522766
4.87805	-619.788	7.16052e+08	6.71017e+17	0.254265	0.512861
5	-592.385	1.18413e+09	1.85236e+18	0.228011	0.488667
5.12821	-569.005	2.31338e+09	7.09676e+18	0.211095	0.474676
5.26316	-543.631	5.13429e+08	3.44185e+17	0.19748	0.469814
5.40541	-523.468	1.78552e+08	3.99534e+16	0.170677	0.441158
5.55556	-497.575	8.2216e+08	8.87697e+17	0.153872	0.392995
5.71429	-476.178	9.07643e+08	1.08686e+18	0.145142	0.389217
5.88235	-454.38	1.3446e+09	2.39471e+18	0.130901	0.371305
6.06061	-437.114	1.64105e+08	3.39602e+16	0.127627	0.371886
6.25	-415.564	2.13571e+08	5.85788e+16	0.106017	0.341146
6.45161	-399.066	7.21262e+07	6.33924e+15	0.0914225	0.306348
6.66667	-379.479	6.43712e+08	5.45026e+17	0.085021	0.292663
6.89655	-362.03	2.13917e+08	5.96489e+16	0.0795879	0.286235
7.14286	-346.282	4.12807e+08	2.24535e+17	0.0725405	0.263603
7.40741	-329.142	1.2594e+09	2.10631e+18	0.0646961	0.248318
7.69231	-312.757	3.20116e+08	1.33655e+17	0.0587442	0.229685
8	-297.874	1.35989e+08	2.38652e+16	0.0518799	0.212668
8.33333	-283.435	1.1521e+07	1.34193e+14	0.0490114	0.217738
8.69565	-268.304	3.89384e+08	2.00339e+17	0.0414115	0.184207
9.09091	-257.823	4.41755e+07	2.36929e+15	0.0372792	0.17705
9.52381	-239.24	8.68661e+07	9.67811e+15	0.0325315	0.160868
10	-228.811	1.12353e+08	1.63056e+16	0.028866	0.155468
