uB	E	M	M2	C	X
1	-7434.5	0.994625	2473.21	0.0953413	0.00697632
0.99	-7407.37	0.994449	2472.33	0.102357	0.00747086
0.98	-7376.32	0.993922	2469.72	0.115886	0.00861869
0.97	-7356.01	0.994308	2471.63	0.0981787	0.00715279
0.96	-7331.84	0.99437	2471.94	0.108303	0.0080019
0.95	-7303.91	0.994107	2470.64	0.112221	0.00832138
0.94	-7277.78	0.994	2470.1	0.110027	0.00825058
0.93	-7251.83	0.993905	2469.63	0.109699	0.00832726
0.92	-7226.08	0.993828	2469.25	0.112588	0.00855364
0.91	-7201.95	0.993888	2469.54	0.109752	0.00837344
0.9	-7175.07	0.993721	2468.72	0.107759	0.00821458
0.89	-7149.37	0.993644	2468.33	0.113333	0.00869549
0.88	-7124.13	0.993609	2468.16	0.125256	0.00965517
0.87	-7097.85	0.993492	2467.58	0.112928	0.00871952
0.86	-7071.48	0.993343	2466.84	0.11658	0.00915245
0.85	-7046.51	0.993331	2466.78	0.114501	0.00896475
0.84	-7020.98	0.993257	2466.42	0.124601	0.0099033
0.83	-6993.36	0.993022	2465.25	0.1187	0.00953899
0.82	-6971.84	0.993303	2466.65	0.129831	0.010384
0.81	-6942.79	0.992948	2464.88	0.119486	0.00964229
0.8	-6915.21	0.9927	2463.65	0.12953	0.0105092
0.79	-6889.87	0.99266	2463.45	0.125872	0.0102135
0.78	-6864.5	0.992603	2463.17	0.124986	0.0103758
0.77	-6840.41	0.992725	2463.77	0.0915674	0.00721487
0.76	-6812.26	0.99237	2462.01	0.130303	0.0107671
0.75	-6785.59	0.992202	2461.18	0.121367	0.0102089
0.74	-6758.09	0.991947	2459.91	0.120198	0.0103423
0.73	-6733.53	0.991972	2460.04	0.128971	0.0109668
0.72	-6708.18	0.991935	2459.85	0.129047	0.0109894
0.71	-6683.76	0.991992	2460.14	0.140475	0.0115501
0.7	-6658.11	0.99187	2459.54	0.143063	0.0127802
0.69	-6629.99	0.991578	2458.09	0.142163	0.0123451
0.68	-6602.86	0.991352	2456.96	0.135588	0.011956
0.67	-6548.21	0.98907	2445.65	0.0414625	0.00309787
0.66	-6550.62	0.991083	2455.64	0.158838	0.0143124
0.65	-6528.03	0.991316	2456.79	0.142571	0.0127716
0.64	-6498.12	0.99085	2454.48	0.140471	0.0126194
0.63	-6471.33	0.990669	2453.58	0.147983	0.0131665
0.62	-6446.92	0.990678	2453.63	0.146368	0.0134719
0.61	-6421.88	0.990664	2453.56	0.145831	0.0133486
0.6	-6393.86	0.990342	2451.97	0.160279	0.0148471
0.59	-6367.24	0.990199	2451.26	0.15928	0.0146978
0.58	-6341.96	0.990122	2450.88	0.144528	0.0136364
0.57	-6319.12	0.99028	2451.66	0.153146	0.0143243
0.56	-6295.84	0.990465	2452.58	0.138655	0.012972
0.55	-6261.54	0.989543	2448.01	0.142454	0.013339
0.54	-6236.56	0.989508	2447.84	0.155648	0.0150301
0.53	-6211.62	0.98949	2447.76	0.166765	0.0161442
0.52	-6187.32	0.989556	2448.08	0.149105	0.01387
0.51	-6159.55	0.989202	2446.33	0.170146	0.016807
0.5	-6134.23	0.989147	2446.06	0.158869	0.0157903
0.49	-6104.28	0.988655	2443.63	0.18824	0.0188334
0.48	-6078.41	0.988544	2443.08	0.168283	0.0170119
0.47	-6056.71	0.988831	2444.5	0.171237	0.0174731
0.46	-6026.37	0.988258	2441.66	0.166174	0.0171807
0.45	-5998.76	0.987946	2440.13	0.19172	0.0206659
0.44	-5973.64	0.98796	2440.19	0.185266	0.0191083
0.43	-5944.83	0.987523	2438.04	0.184345	0.0194899
0.42	-5920.71	0.987581	2438.33	0.184509	0.0193152
0.41	-5897.91	0.987658	2438.71	0.218653	0.024076
0.4	-5866.58	0.987091	2435.9	0.18481	0.019992
0.39	-5837.8	0.986521	2433.1	0.20566	0.0235931
0.38	-5813.32	0.986687	2433.91	0.189217	0.0208203
0.37	-5788.01	0.986591	2433.44	0.187528	0.0210094
0.36	-5762.1	0.986454	2432.76	0.180436	0.0200091
0.35	-5734.6	0.986213	2431.57	0.16644	0.0184569
0.34	-5705.87	0.985801	2429.54	0.175213	0.0194804
0.33	-5679.65	0.985595	2428.53	0.196721	0.0223353
0.32	-5649.93	0.985051	2425.85	0.195348	0.0231138
0.31	-5619.86	0.984435	2422.82	0.21596	0.0255924
0.3	-5601	0.985052	2425.86	0.195792	0.0230859
0.29	-5569.96	0.984349	2422.4	0.218458	0.0267159
0.28	-5545.53	0.98437	2422.5	0.208965	0.0254561
0.27	-5517.44	0.984021	2420.79	0.224341	0.0276439
0.26	-5492.6	0.983971	2420.54	0.227331	0.0282284
0.25	-5462.33	0.983325	2417.37	0.224329	0.0288834
0.24	-5438.99	0.983413	2417.8	0.219391	0.0287912
0.23	-5409.92	0.982949	2415.52	0.220001	0.0287978
0.22	-5384.29	0.982841	2414.99	0.22433	0.0291537
0.21	-5355.7	0.982391	2412.78	0.230215	0.0305228
0.2	-5327.91	0.982018	2410.95	0.231317	0.0307244
0.19	-5314.09	0.983576	2418.58	0.145579	0.0181045
0.18	-5271.64	0.981177	2406.83	0.239171	0.0331642
0.17	-5247.41	0.981186	2406.87	0.2384	0.0331608
0.16	-5210.43	0.979912	2400.63	0.25962	0.0341161
0.15	-5191.57	0.980402	2403.04	0.282712	0.0405035
0.14	-5161.5	0.979772	2399.94	0.258202	0.0369654
0.13	-5147.87	0.981061	2406.25	0.190409	0.0282979
0.12	-5107.49	0.978777	2395.1	0.269298	0.0509521
0.11	-5080.49	0.97878	2395.09	0.257354	0.038659
0.1	-5054.77	0.978607	2394.24	0.25551	0.0400597
0.09	-5026.23	0.978173	2392.13	0.26477	0.0416468
0.08	-4999.04	0.977847	2390.53	0.250355	0.0386075
0.07	-4967.45	0.97678	2385.32	0.268878	0.0462069
0.06	-4945.3	0.977197	2387.35	0.268085	0.0427
0.05	-4915.14	0.976391	2383.43	0.285039	0.0486505
0.04	-4885.79	0.975711	2380.12	0.293796	0.0506472
0.03	-4843.97	0.973087	2367.32	0.223975	0.0415322
0.02	-4790.94	0.906246	2171.28	1.95881	70.8425
0.01	-4740.43	0.890938	2066.48	2.65194	49.2323
-7.5287e-16	-4774.12	0.973808	2370.87	0.345712	0.0666743
-0.01	-4700.29	-0.809056	1811.4	3.64161	104.983
-0.02	-4829.02	-0.974667	2375.03	0.302916	0.0546145
-0.03	-4859.87	-0.975577	2379.46	0.298928	0.0523727
-0.04	-4886.52	-0.975856	2380.82	0.285724	0.0500379
-0.05	-4917.73	-0.976657	2384.72	0.272533	0.0466718
-0.06	-4938.79	-0.97641	2383.51	0.27138	0.0428001
-0.07	-4966.51	-0.976789	2385.37	0.28657	0.0465524
-0.08	-4996.52	-0.977542	2389.04	0.261992	0.039512
-0.09	-5024.93	-0.977999	2391.28	0.293974	0.043436
-0.1	-5050.15	-0.978015	2391.37	0.295987	0.0482813
-0.11	-5080.37	-0.978853	2395.44	0.233534	0.03468
-0.12	-5108.09	-0.979182	2397.06	0.278409	0.0420943
-0.13	-5136.91	-0.979733	2399.75	0.252498	0.0369799
-0.14	-5166.12	-0.980332	2402.68	0.225097	0.0340594
-0.15	-5190.62	-0.98026	2402.34	0.253619	0.0360657
-0.16	-5218.77	-0.980733	2404.65	0.258985	0.0360735
-0.17	-5244.51	-0.980931	2405.62	0.254846	0.0355473
-0.18	-5273.8	-0.981424	2408.04	0.245591	0.0342356
-0.19	-5298.89	-0.981484	2408.34	0.25671	0.035242
-0.2	-5331.27	-0.982411	2412.88	0.232432	0.0302886
-0.21	-5359.93	-0.98262	2413.9	0.188365	0.026525
-0.22	-5385.78	-0.982976	2415.66	0.241503	0.0318821
-0.23	-5410.44	-0.983086	2416.19	0.230054	0.0290883
-0.24	-5434.58	-0.982966	2415.6	0.232129	0.0296926
-0.25	-5456.75	-0.982786	2414.72	0.253192	0.0305675
-0.26	-5490.78	-0.983781	2419.61	0.21385	0.0264192
-0.27	-5518.43	-0.984108	2421.21	0.215411	0.0267512
-0.28	-5546.1	-0.984491	2423.1	0.200261	0.0241761
-0.29	-5571.17	-0.984503	2423.16	0.221648	0.0266793
-0.3	-5598.95	-0.984864	2424.93	0.208134	0.0246742
-0.31	-5628.89	-0.985401	2427.57	0.179813	0.0215119
-0.32	-5654.09	-0.985481	2427.97	0.200964	0.0234865
-0.33	-5678.06	-0.985419	2427.67	0.21026	0.024126
-0.34	-5707.13	-0.985897	2430.02	0.196635	0.0221487
-0.35	-5734.33	-0.986136	2431.2	0.186452	0.0215165
-0.36	-5760.36	-0.986305	2432.03	0.19481	0.0219322
-0.37	-5787.15	-0.98654	2433.19	0.191558	0.021
-0.38	-5813.86	-0.986763	2434.29	0.195642	0.0210725
-0.39	-5839.89	-0.986955	2435.24	0.188762	0.020294
-0.4	-5865.19	-0.986964	2435.28	0.178041	0.019204
-0.41	-5888.27	-0.986806	2434.5	0.184825	0.0197826
-0.42	-5920.33	-0.987555	2438.19	0.171547	0.0179871
-0.43	-5944.54	-0.987506	2437.95	0.185328	0.0192663
-0.44	-5972.76	-0.987842	2439.61	0.178682	0.0188182
-0.45	-5998.46	-0.987946	2440.12	0.173449	0.0179316
-0.46	-6025.78	-0.988254	2441.64	0.161842	0.0165179
-0.47	-6052.82	-0.98845	2442.61	0.175182	0.0177801
-0.48	-6078.17	-0.988497	2442.84	0.160713	0.0161185
-0.49	-6113.75	-0.989558	2448.09	0.159559	0.0164052
-0.5	-6130.92	-0.988871	2444.69	0.162591	0.0162369
-0.51	-6157.78	-0.989047	2445.56	0.162063	0.0158167
-0.52	-6186.77	-0.989472	2447.66	0.156996	0.0151395
-0.53	-6211.29	-0.989448	2447.55	0.163061	0.0159575
-0.54	-6237.7	-0.989619	2448.39	0.155925	0.0150046
-0.55	-6261.32	-0.98954	2448	0.164947	0.0157275
-0.56	-6288.44	-0.989738	2448.98	0.164302	0.0156569
-0.57	-6315.94	-0.989997	2450.26	0.153851	0.0145915
-0.58	-6351.19	-0.990874	2454.61	0.209252	0.0195594
-0.59	-6368.22	-0.990227	2451.39	0.141017	0.0134019
-0.6	-6395.57	-0.990518	2452.84	0.148685	0.0135186
-0.61	-6422.75	-0.990742	2453.94	0.13911	0.0126754
-0.62	-6448.71	-0.99084	2454.43	0.159625	0.0144974
-0.63	-6475.03	-0.990994	2455.2	0.145332	0.0132038
-0.64	-6498.13	-0.990839	2454.43	0.15425	0.014114
-0.65	-6526.11	-0.99114	2455.92	0.148807	0.0132621
-0.66	-6551.49	-0.991206	2456.24	0.135111	0.0121077
-0.67	-6579.94	-0.991524	2457.82	0.137393	0.0121362
-0.68	-6604.98	-0.991567	2458.03	0.136197	0.0118328
-0.69	-6636.31	-0.992139	2460.87	0.122966	0.0103814
-0.7	-6655.74	-0.991636	2458.38	0.142798	0.0120403
-0.71	-6681.4	-0.991747	2458.92	0.134637	0.0116588
-0.72	-6711.21	-0.992213	2461.24	0.119283	0.0104668
-0.73	-6729	-0.991542	2457.91	0.123154	0.0109014
-0.74	-6755.81	-0.991737	2458.87	0.1218	0.010506
-0.75	-6786.88	-0.992317	2461.75	0.127559	0.0106501
-0.76	-6812.39	-0.992393	2462.13	0.128868	0.0106737
-0.77	-6835.8	-0.992262	2461.48	0.124422	0.0102983
-0.78	-6865.53	-0.992712	2463.71	0.120157	0.00975348
-0.79	-6890.64	-0.992717	2463.73	0.123724	0.0101063
-0.8	-6916.11	-0.992782	2464.06	0.126215	0.0102539
-0.81	-6941.73	-0.992856	2464.42	0.119879	0.00965508
-0.82	-6966.17	-0.99283	2464.3	0.128825	0.0103131
-0.83	-6996.07	-0.993258	2466.42	0.110876	0.00882302
-0.84	-7019.71	-0.993162	2465.94	0.122311	0.00969501
-0.85	-7042.34	-0.992983	2465.05	0.118373	0.00930667
-0.86	-7071.87	-0.993377	2467.01	0.117288	0.00915472
-0.87	-7098.8	-0.993556	2467.9	0.111555	0.00874107
-0.88	-7122.82	-0.99349	2467.57	0.115456	0.00896092
-0.89	-7150.08	-0.993704	2468.63	0.113001	0.00866491
-0.9	-7174.66	-0.993675	2468.49	0.110082	0.00849384
-0.91	-7200.61	-0.993769	2468.96	0.106411	0.00814332
-0.92	-7230.23	-0.994167	2470.93	0.101896	0.00776006
-0.93	-7250.69	-0.993801	2469.12	0.109166	0.00824175
-0.94	-7277.82	-0.994006	2470.14	0.112587	0.00843544
-0.95	-7303.22	-0.994051	2470.36	0.109786	0.00816674
-0.96	-7325.12	-0.993776	2468.99	0.110224	0.00833521
-0.97	-7355.4	-0.994249	2471.34	0.103881	0.00770413
-0.98	-7386.1	-0.994746	2473.81	0.0966431	0.00705694
-0.99	-7407.62	-0.994469	2472.43	0.101031	0.00741128
