1/beta	E	M	C	X
1	-199.642	0.999099	0.998219	0.0322492	0.0020591
1.0101	-199.904	0.99976	0.999525	0.00744003	0.000469699
1.02041	-199.543	0.99885	0.997725	0.0342836	0.00223453
1.03093	-199.881	0.999703	0.999411	0.00882292	0.000568487
1.04167	-199.643	0.999073	0.998168	0.0270345	0.00200184
1.05263	-199.76	0.999377	0.998769	0.0178003	0.00132319
1.06383	-199.577	0.998928	0.99788	0.0311392	0.00219103
1.07527	-199.638	0.999094	0.998206	0.0239385	0.00160877
1.08696	-199.61	0.999013	0.998048	0.0266612	0.00189149
1.0989	-199.751	0.999378	0.998768	0.0159726	0.00109702
1.11111	-199.281	0.99819	0.996419	0.0444087	0.00315401
1.1236	-199.393	0.99843	0.996899	0.0415003	0.00329121
1.13636	-199.189	0.997884	0.995824	0.0544647	0.00452895
1.14943	-199.141	0.997765	0.995587	0.0541215	0.00445904
1.16279	-199.024	0.997479	0.995019	0.0593258	0.00481245
1.17647	-198.898	0.997143	0.994361	0.0675107	0.00560148
1.19048	-199.197	0.997915	0.995882	0.0480179	0.00408654
1.20482	-198.784	0.996812	0.993714	0.0725435	0.00658607
1.21951	-198.601	0.99627	0.992652	0.0825923	0.00806252
1.23457	-198.639	0.996419	0.992937	0.076183	0.00702656
1.25	-198.317	0.99555	0.991226	0.089001	0.00843575
1.26582	-198.276	0.995413	0.99096	0.0916084	0.00886622
1.28205	-198.307	0.99559	0.991303	0.0887071	0.0081242
1.2987	-198.104	0.995022	0.990191	0.0962183	0.00938968
1.31579	-197.72	0.993835	0.98787	0.113406	0.0123209
1.33333	-198.007	0.994774	0.98968	0.0812627	0.00788981
1.35135	-197.889	0.994433	0.989023	0.0941151	0.0092792
1.36986	-197.293	0.992737	0.985719	0.128085	0.0140475
1.38889	-196.919	0.991844	0.983956	0.136668	0.0145439
1.40845	-196.667	0.990972	0.982275	0.149607	0.0176758
1.42857	-196.197	0.989647	0.979679	0.163267	0.0194639
1.44928	-196.07	0.989516	0.97938	0.148803	0.016383
1.47059	-195.75	0.988366	0.977217	0.179728	0.0237886
1.49254	-195.517	0.987737	0.975959	0.17517	0.0224467
1.51515	-194.589	0.985025	0.970727	0.216348	0.0298555
1.53846	-194.509	0.984581	0.969916	0.215978	0.033476
1.5625	-193.822	0.982626	0.966125	0.238076	0.0365854
1.5873	-193.975	0.983664	0.968076	0.222601	0.0302327
1.6129	-192.38	0.978144	0.95754	0.28266	0.0479738
1.63934	-190.924	0.972865	0.947505	0.3448	0.0633756
1.66667	-190.547	0.972395	0.946638	0.334015	0.0651897
1.69492	-190.326	0.971988	0.945746	0.317411	0.0582103
1.72414	-189.176	0.967958	0.938241	0.357594	0.0752652
1.75439	-188.036	0.965511	0.933235	0.346041	0.0582785
1.78571	-185.704	0.955659	0.915514	0.469174	0.124877
1.81818	-185.536	0.955503	0.915023	0.449418	0.111988
1.85185	-162.54	0.871153	0.764849	0.980524	0.3208
1.88679	-181.089	0.939708	0.886157	0.547177	0.164682
1.92308	-179.985	0.934936	0.877712	0.564475	0.187528
1.96078	-177.387	-0.688745	0.857361	0.654531	19.5326
2	-174.334	0.1457	0.83336	0.781062	40.6066
2.04082	-171.802	-0.712474	0.816853	0.793937	15.1524
2.08333	-167.731	-0.5692	0.782738	0.914954	22.02
2.12766	-164.965	-0.87711	0.774948	0.590987	0.264373
2.17391	-158.779	0.244494	0.710482	1.10674	29.9324
2.22222	-152.502	0.206	0.652017	1.21664	27.4312
2.27273	-145.068	-0.0873965	0.577275	1.46784	25.064
2.32558	-141.37	-0.289967	0.559568	1.2745	20.4459
2.38095	-133.081	-0.00880634	0.481809	1.2947	20.2327
2.43902	-126.404	0.00558911	0.425819	1.23794	17.4573
2.5	-118.511	0.0194828	0.355715	1.13122	14.2134
2.5641	-111.258	-0.0176065	0.29287	1.00338	11.4098
2.63158	-105.228	-0.0422518	0.251373	0.874409	9.48434
2.7027	-100.461	0.0147896	0.215487	0.773201	7.96493
2.77778	-93.4526	0.0150902	0.164132	0.60831	5.90054
2.85714	-89.8669	-0.0267971	0.150353	0.54246	5.23722
2.94118	-88.2041	0.0430699	0.146774	0.447693	4.92723
3.0303	-80.9613	-0.00985139	0.10766	0.422429	3.54956
3.125	-78.4709	0.117192	0.0967985	0.399789	2.65807
3.22581	-72.5734	0.018793	0.0751413	0.32844	2.31843
3.33333	-70.6165	-0.00800834	0.0745051	0.293182	2.23323
3.44828	-67.5277	0.0103394	0.0666157	0.263738	1.92876
3.57143	-64.42	-0.0010302	0.0555076	0.235779	1.55418
3.7037	-62.659	0.0308659	0.0576923	0.219783	1.53197
3.84615	-58.774	-0.0130006	0.0479058	0.188064	1.24116
4	-55.6462	0.00213053	0.0423936	0.172675	1.05973
4.16667	-54.332	0.0189662	0.0379691	0.148798	0.902626
4.34783	-50.1633	-0.00106728	0.0354613	0.140921	0.815583
4.54545	-48.132	0.0153513	0.0313325	0.122844	0.684131
4.7619	-45.1613	0.00290407	0.0306859	0.111201	0.644227
5	-41.259	-0.00240178	0.0289233	0.0911713	0.578351
5.26316	-40.3307	0.00415528	0.0260076	0.0840311	0.493816
5.55556	-39.5113	-0.00628129	0.0256478	0.0741103	0.460949
5.88235	-35.7664	-0.00206185	0.0235683	0.0669624	0.400588
6.25	-32.799	-0.0031591	0.0211551	0.0590244	0.338323
6.66667	-31.7026	0.00073585	0.0208566	0.0509663	0.31284
7.14286	-29.0444	-0.00469767	0.0199339	0.0429212	0.278765
7.69231	-27.0876	0.0101092	0.0173458	0.0378066	0.224166
8.33333	-24.3867	0.0026769	0.0173873	0.0312661	0.208561
9.09091	-22.2554	0.00234647	0.0171442	0.0256224	0.188526
10	-19.9989	0.00383866	0.0151104	0.0205993	0.150957
11.1111	-20.7763	0.0162528	0.019021	0.0170618	0.168812
12.5	-15.0392	-0.016864	0.0151484	0.013436	0.118912
14.2857	-14.1458	-0.00194474	0.0132432	0.0100242	0.0926762
16.6667	-13.3401	0.00737468	0.0139118	0.00736686	0.0831442
20	-9.67368	0.000377547	0.0120498	0.00495659	0.0602482
25	-7.90605	-0.00104353	0.0119843	0.00325444	0.0479327
33.3333	-5.95992	-0.00247477	0.0114481	0.00179529	0.034326
50	-4.23285	-0.00185224	0.0105638	0.000807497	0.0211207
