1/beta	E	M	C	X
0.5	-2025	9.02268e+07	8.14089e+15	0	0
0.501253	-2025	9.02268e+07	8.14089e+15	0	0
0.502513	-2025	9.02268e+07	8.14089e+15	0	0
0.503778	-2025	9.02268e+07	8.14089e+15	0	0
0.505051	-2025	9.02268e+07	8.14089e+15	0	0
0.506329	-2025	9.02268e+07	8.14089e+15	0	0
0.507614	-2025	9.02268e+07	8.14089e+15	0	0
0.508906	-2025	9.02268e+07	8.14089e+15	0	0
0.510204	-2025	9.02268e+07	8.14089e+15	0	0
0.511509	-2025	9.02268e+07	8.14089e+15	0	0
0.512821	-2025	9.02268e+07	8.14089e+15	0	0
0.514139	-2025	9.02268e+07	8.14089e+15	0	0
0.515464	-2025	9.02268e+07	8.14089e+15	0	0
0.516796	-2025	9.02268e+07	8.14089e+15	0	0
0.518135	-2025	9.02268e+07	8.14089e+15	0	0
0.519481	-2025	9.02268e+07	8.14089e+15	0	0
0.520833	-2025	9.02268e+07	8.14089e+15	0	0
0.522193	-2025	9.02268e+07	8.14089e+15	0	0
0.52356	-2025	9.02268e+07	8.14089e+15	0	0
0.524934	-2025	9.02268e+07	8.14089e+15	0	0
0.526316	-2025	9.02268e+07	8.14089e+15	0	0
0.527704	-2025	9.02268e+07	8.14089e+15	0	0
0.529101	-2025	9.02268e+07	8.14089e+15	0	0
0.530504	-2025	9.02268e+07	8.14089e+15	0	0
0.531915	-2025	9.02268e+07	8.14089e+15	0	0
0.533333	-2025	9.02268e+07	8.14089e+15	0	0
0.534759	-2025	9.02268e+07	8.14089e+15	0	0
0.536193	-2025	9.02268e+07	8.14089e+15	0	0
0.537634	-2025	9.02268e+07	8.14089e+15	0	0
0.539084	-2025	9.02268e+07	8.14089e+15	0	0
0.540541	-2025	9.02268e+07	8.14089e+15	0	0
0.542005	-2025	9.02268e+07	8.14089e+15	0	0
0.543478	-2025	9.02268e+07	8.14089e+15	0	0
0.544959	-2025	9.02268e+07	8.14089e+15	0	0
0.546448	-2025	9.02268e+07	8.14089e+15	0	0
0.547945	-2025	9.02268e+07	8.14089e+15	0	0
0.549451	-2025	9.02268e+07	8.14089e+15	0	0
0.550964	-2025	9.02268e+07	8.14089e+15	0	0
0.552486	-2025	9.02268e+07	8.14089e+15	0	0
0.554017	-2025	9.02268e+07	8.14089e+15	0	0
0.555556	-2025	9.02268e+07	8.14089e+15	0	0
0.557103	-2025	9.02268e+07	8.14089e+15	0	0
0.558659	-2025	9.02268e+07	8.14089e+15	0	0
0.560224	-2025	9.02268e+07	8.14089e+15	0	0
0.561798	-2025	9.02268e+07	8.14089e+15	0	0
0.56338	-2025	9.02268e+07	8.14089e+15	0	0
0.564972	-2025	9.02268e+07	8.14089e+15	0	0
0.566572	-2025	9.02268e+07	8.14089e+15	0	0
0.568182	-2025	9.02268e+07	8.14089e+15	0	0
0.569801	-2025	9.02268e+07	8.14089e+15	0	0
0.571429	-2025	9.02268e+07	8.14089e+15	0	0
0.573066	-2025	9.02268e+07	8.14089e+15	0	0
0.574713	-2025	9.02268e+07	8.14089e+15	0	0
0.576369	-2025	9.02268e+07	8.14089e+15	0	0
0.578035	-2025	9.02268e+07	8.14089e+15	0	0
0.57971	-2025	9.02268e+07	8.14089e+15	0	0
0.581395	-2025	9.02268e+07	8.14089e+15	0	0
0.58309	-2025	9.02268e+07	8.14089e+15	0	0
0.584795	-2025	9.02268e+07	8.14089e+15	0	0
0.58651	-2025	9.02268e+07	8.14089e+15	0	0
0.588235	-2025	9.02268e+07	8.14089e+15	0	0
0.589971	-2025	9.02268e+07	8.14089e+15	0	0
0.591716	-2025	9.02268e+07	8.14089e+15	0	0
0.593472	-2025	9.02268e+07	8.14089e+15	0	0
0.595238	-2025	9.02268e+07	8.14089e+15	0	0
0.597015	-2025	9.02268e+07	8.14089e+15	0	0
0.598802	-2025	9.02268e+07	8.14089e+15	0	0
0.600601	-2025	9.02268e+07	8.14089e+15	0	0
0.60241	-2025	9.02268e+07	8.14089e+15	0	0
0.60423	-2025	9.02268e+07	8.14089e+15	0	0
0.606061	-2025	9.02268e+07	8.14089e+15	0	0
0.607903	-2025	9.02268e+07	8.14089e+15	0	0
0.609756	-2025	9.02268e+07	8.14089e+15	0	0
0.611621	-2025	9.02268e+07	8.14089e+15	0	0
0.613497	-2025	9.02268e+07	8.14089e+15	0	0
0.615385	-2025	9.02268e+07	8.14089e+15	0	0
0.617284	-2025	9.02268e+07	8.14089e+15	0	0
0.619195	-2025	9.02268e+07	8.14089e+15	0	0
0.621118	-2025	9.02268e+07	8.14089e+15	0	0
0.623053	-2025	9.02268e+07	8.14089e+15	0	0
0.625	-2025	9.02268e+07	8.14089e+15	0	0
0.626959	-2025	9.02268e+07	8.14089e+15	0	0
0.628931	-2025	9.02268e+07	8.14089e+15	0	0
0.630915	-2025	9.02268e+07	8.14089e+15	0	0
0.632911	-2025	9.02268e+07	8.14089e+15	0	0
0.634921	-2025	9.02268e+07	8.14089e+15	0	0
0.636943	-2025	9.02268e+07	8.14089e+15	0	0
0.638978	-2025	9.02268e+07	8.14089e+15	0	0
0.641026	-2025	9.02268e+07	8.14089e+15	0	0
0.643087	-2025	9.02268e+07	8.14089e+15	0	0
0.645161	-2025	9.02268e+07	8.14089e+15	0	0
0.647249	-2025	9.02268e+07	8.14089e+15	0	0
0.649351	-2025	9.02268e+07	8.14089e+15	0	0
0.651466	-2025	9.02268e+07	8.14089e+15	0	0
0.653595	-2025	9.02268e+07	8.14089e+15	0	0
0.655738	-2025	9.02268e+07	8.14089e+15	0	0
0.657895	-2025	9.02268e+07	8.14089e+15	0	0
0.660066	-2025	9.02268e+07	8.14089e+15	0	0
0.662252	-2025	9.02268e+07	8.14089e+15	0	0
0.664452	-2025	9.02268e+07	8.14089e+15	0	0
0.666667	-2025	9.02268e+07	8.14089e+15	0	0
0.668896	-2025	9.02268e+07	8.14089e+15	0	0
0.671141	-2025	9.02268e+07	8.14089e+15	0	0
0.673401	-2025	9.02268e+07	8.14089e+15	0	0
0.675676	-2025	9.02268e+07	8.14089e+15	0	0
0.677966	-2025	9.02268e+07	8.14089e+15	0	0
0.680272	-2025	9.02268e+07	8.14089e+15	0	0
0.682594	-2025	9.02268e+07	8.14089e+15	0	0
0.684932	-2025	9.02268e+07	8.14089e+15	0	0
0.687285	-2025	9.02268e+07	8.14089e+15	0	0
0.689655	-2025	9.02268e+07	8.14089e+15	0	0
0.692042	-2025	9.02268e+07	8.14089e+15	0	0
0.694444	-2025	9.02268e+07	8.14089e+15	0	0
0.696864	-2025	9.02268e+07	8.14089e+15	0	0
0.699301	-2025	9.02268e+07	8.14089e+15	0	0
0.701754	-2025	9.02268e+07	8.14089e+15	0	0
0.704225	-2025	9.02268e+07	8.14089e+15	0	0
0.706714	-2025	9.02268e+07	8.14089e+15	0	0
0.70922	-2025	9.02268e+07	8.14089e+15	0	0
0.711744	-2025	9.02268e+07	8.14089e+15	0	0
0.714286	-2025	9.02268e+07	8.14089e+15	0	0
0.716846	-2025	9.02268e+07	8.14089e+15	0	0
0.719424	-2025	9.02268e+07	8.14089e+15	0	0
0.722022	-2025	9.02268e+07	8.14089e+15	0	0
0.724638	-2025	9.02268e+07	8.14089e+15	0	0
0.727273	-2025	9.02268e+07	8.14089e+15	0	0
0.729927	-2025	9.02268e+07	8.14089e+15	0	0
0.732601	-2025	9.02268e+07	8.14089e+15	0	0
0.735294	-2025	9.02268e+07	8.14089e+15	0	0
0.738007	-2025	9.02268e+07	8.14089e+15	0	0
0.740741	-2025	9.02268e+07	8.14089e+15	0	0
0.743494	-2025	9.02268e+07	8.14089e+15	0	0
0.746269	-2025	9.02268e+07	8.14089e+15	0	0
0.749064	-2025	9.02254e+07	8.14063e+15	0	0
0.75188	-2025	9.02254e+07	8.14063e+15	0	0
0.754717	-2025	9.02254e+07	8.14063e+15	0	0
0.757576	-2025	9.02254e+07	8.14063e+15	0	0
0.760456	-2025	9.02254e+07	8.14063e+15	0	0
0.763359	-2025	9.02254e+07	8.14063e+15	0	0
0.766284	-2025	9.02254e+07	8.14063e+15	0	0
0.769231	-2025	9.02254e+07	8.14063e+15	0	0
0.772201	-2025	9.02254e+07	8.14063e+15	0	0
0.775194	-2025	9.02254e+07	8.14063e+15	0	0
0.77821	-2025	9.02254e+07	8.14063e+15	0	0
0.78125	-2025	9.02254e+07	8.14063e+15	0	0
0.784314	-2025	9.02254e+07	8.14063e+15	0	0
0.787402	-2025	9.02254e+07	8.14063e+15	0	0
0.790514	-2025	9.02254e+07	8.14063e+15	0	0
0.793651	-2025	9.02254e+07	8.14063e+15	0	0
0.796813	-2025	9.02254e+07	8.14063e+15	0	0
0.8	-2025	9.02254e+07	8.14063e+15	0	0
0.803213	-2025	9.02254e+07	8.14063e+15	0	0
0.806452	-2025	9.02254e+07	8.14063e+15	0	0
0.809717	-2025	9.02261e+07	8.14077e+15	0	0
0.813008	-2025	9.02261e+07	8.14077e+15	0	0
0.816327	-2025	9.02261e+07	8.14077e+15	0	0
0.819672	-2025	9.02261e+07	8.14077e+15	0	0
0.823045	-2025	9.02261e+07	8.14077e+15	0	0
0.826446	-2025	9.02261e+07	8.14077e+15	0	0
0.829876	-2025	9.02229e+07	8.14018e+15	0	0
0.833333	-2025	9.02229e+07	8.14018e+15	0	0
0.83682	-2025	9.02229e+07	8.14018e+15	0	0
0.840336	-2025	9.02229e+07	8.14018e+15	0	0
0.843882	-2025	9.02229e+07	8.14018e+15	0	0
0.847458	-2025	9.02229e+07	8.14018e+15	0	0
0.851064	-2025	9.02229e+07	8.14018e+15	0	0
0.854701	-2025	9.02229e+07	8.14018e+15	0	0
0.858369	-2025	9.02229e+07	8.14018e+15	0	0
0.862069	-2025	9.02229e+07	8.14018e+15	0	0
0.865801	-2025	9.02229e+07	8.14018e+15	0	0
0.869565	-2025	9.02229e+07	8.14018e+15	0	0
0.873362	-2025	9.02229e+07	8.14018e+15	0	0
0.877193	-2025	9.02229e+07	8.14018e+15	0	0
0.881057	-2025	9.02229e+07	8.14018e+15	0	0
0.884956	-2025	9.02229e+07	8.14018e+15	0	0
0.888889	-2025	9.02229e+07	8.14018e+15	0	0
0.892857	-2025	9.02229e+07	8.14018e+15	0	0
0.896861	-2025	9.02229e+07	8.14018e+15	0	0
0.900901	-2025	9.02229e+07	8.14018e+15	0	0
0.904977	-2025	9.02229e+07	8.14018e+15	0	0
0.909091	-2025	9.022e+07	8.13966e+15	0	0
0.913242	-2025	9.022e+07	8.13966e+15	0	0
0.917431	-2025	9.022e+07	8.13966e+15	0	0
0.921659	-2025	9.022e+07	8.13966e+15	0	0
0.925926	-2025	9.02149e+07	8.13874e+15	0	0
0.930233	-2025	9.02149e+07	8.13874e+15	0	0
0.934579	-2025	9.02149e+07	8.13874e+15	0	0
0.938967	-2025	9.02149e+07	8.13874e+15	0	0
0.943396	-2025	9.02119e+07	8.1382e+15	0	0
0.947867	-2025	9.02119e+07	8.1382e+15	0	0
0.952381	-2024.29	1.11762e+08	1.26488e+16	0.00820236	0.000432486
0.956938	-2025	9.02006e+07	8.13616e+15	0	0
0.961538	-2024.29	1.11762e+08	1.26488e+16	0.00804687	0.000428367
0.966184	-2025	9.02002e+07	8.13609e+15	0	0
0.970874	-2024.29	1.11762e+08	1.26488e+16	0.00789287	0.000424248
0.97561	-2025	9.35819e+07	8.76192e+15	0	0
0.980392	-2023.25	1.14182e+08	1.3233e+16	0.017685	0.00105615
0.985222	-2025	9.01978e+07	8.13566e+15	0	0
0.990099	-2024.29	1.11763e+08	1.26491e+16	0.00758932	0.00041601
0.995025	-2025	9.35786e+07	8.7613e+15	0	0
1	-2023.52	1.14181e+08	1.32326e+16	0.0153661	0.000946291
1.00503	-2025	9.01798e+07	8.13241e+15	0	0
1.0101	-2023.59	1.11753e+08	1.26467e+16	0.0136922	0.000765705
1.01523	-2023.19	1.80687e+08	3.53922e+16	0.0241753	0.00147956
1.02041	-2024.31	1.0571e+08	1.12573e+16	0.00637424	0.000360101
1.02564	-2025	9.25462e+07	8.56703e+15	0	0
1.03093	-2022.58	1.84361e+08	3.69605e+16	0.0211417	0.00135378
1.03627	-2023.99	1.00765e+08	1.01928e+16	0.0101605	0.000582924
1.04167	-2021.8	1.14111e+08	1.3216e+16	0.0295282	0.0017029
1.04712	-2022.92	2.0479e+08	4.63367e+16	0.0176702	0.00103624
1.05263	-2024.95	9.01747e+07	8.1315e+15	0.000431239	2.51314e-05
1.0582	-2022.85	1.11682e+08	1.26308e+16	0.0218842	0.00130528
1.06383	-2022.45	2.41097e+08	6.57429e+16	0.0194471	0.00116417
1.06952	-2020.94	1.20379e+08	1.48006e+16	0.0241428	0.00148104
1.07527	-2021.93	1.97092e+08	4.26748e+16	0.0261183	0.0015989
1.08108	-2021.42	1.55683e+08	2.56784e+16	0.0304542	0.00219229
1.08696	-2021.69	5.82385e+08	4.20011e+17	0.0255435	0.00162531
1.0929	-2021.62	2.8383e+08	9.30977e+16	0.027952	0.00183705
1.0989	-2021.46	3.01694e+08	1.0597e+17	0.027971	0.00184731
1.10497	-2021.24	5.34687e+08	3.51837e+17	0.0296016	0.00192781
1.11111	-2020.86	4.344e+08	2.28261e+17	0.0293594	0.00194022
1.11732	-2020.84	3.03662e+08	1.07441e+17	0.0324501	0.00222545
1.1236	-2021.87	1.2363e+08	1.56632e+16	0.023386	0.00152652
1.12994	-2024.3	1.00635e+08	1.01659e+16	0.00472935	0.000295856
1.13636	-2020.5	4.66203e+08	2.64554e+17	0.0311296	0.00216744
1.14286	-2020.58	4.46338e+08	2.41574e+17	0.0346504	0.00231303
1.14943	-2020.38	9.12873e+08	1.05907e+18	0.034324	0.00232037
1.15607	-2019.88	1.08369e+09	1.5036e+18	0.0357999	0.00246051
1.16279	-2019.84	5.87382e+08	4.27528e+17	0.0350651	0.00244179
1.16959	-2019.53	6.88004e+08	5.92608e+17	0.0393046	0.00274013
1.17647	-2019.04	1.04817e+09	1.40483e+18	0.0426686	0.0030614
1.18343	-2018.39	6.86112e+08	5.89277e+17	0.043982	0.0031496
1.19048	-2018.39	3.22279e+08	1.21875e+17	0.0477237	0.00336073
1.1976	-2018.67	2.5384e+08	7.33948e+16	0.0438866	0.00318676
1.20482	-2017.9	3.75695e+08	1.6838e+17	0.0466008	0.00340358
1.21212	-2017.28	3.8515e+08	1.77424e+17	0.0488418	0.00351749
1.21951	-2018.66	1.40721e+08	2.06648e+16	0.0383489	0.00277494
1.22699	-2013.85	1.35336e+08	1.90069e+16	0.0609375	0.00480506
1.23457	-2016.36	4.80246e+08	2.81441e+17	0.052968	0.0039657
1.24224	-2016.1	1.70526e+09	3.77768e+18	0.0563623	0.00426539
1.25	-2017.39	2.05829e+08	4.68514e+16	0.0490355	0.00359873
1.25786	-2015.04	3.9113e+08	1.8327e+17	0.0633106	0.00491102
1.26582	-2015.5	4.16626e+08	2.09184e+17	0.0567988	0.00440849
1.27389	-2014.7	4.13564e+08	2.05984e+17	0.0628185	0.00511677
1.28205	-2013.91	1.01203e+09	1.30777e+18	0.06585	0.00517199
1.29032	-2013.46	1.40231e+09	2.54072e+18	0.066061	0.00527022
1.2987	-2010.77	1.55007e+08	2.54438e+16	0.0740393	0.0059266
1.30719	-2012.66	4.60258e+08	2.57624e+17	0.0774785	0.00626213
1.31579	-2011.46	2.28541e+08	5.86606e+16	0.0710053	0.00566177
1.3245	-2011.15	6.83734e+08	5.85127e+17	0.0777185	0.00652015
1.33333	-2011.49	9.81641e+07	9.66028e+15	0.0574878	0.00456894
1.34228	-2010.72	1.75537e+08	3.3276e+16	0.0877051	0.00744339
1.35135	-2008.2	1.95917e+08	4.21469e+16	0.106471	0.00884372
1.36054	-2007.4	3.15667e+08	1.16681e+17	0.0936731	0.00813644
1.36986	-2008.51	9.70282e+08	1.19998e+18	0.088004	0.00760907
1.37931	-2006.92	2.98292e+09	1.16881e+19	0.0957214	0.008551
1.38889	-2005.91	2.87144e+09	1.0825e+19	0.0996644	0.00896123
1.3986	-2004.67	5.89275e+08	4.30498e+17	0.107403	0.0099091
1.40845	-2004.16	8.34527e+08	8.8141e+17	0.106803	0.00973222
1.41844	-2003.97	5.37146e+08	3.5539e+17	0.114227	0.0104948
1.42857	-2002.38	1.49056e+09	2.87621e+18	0.114684	0.0108899
1.43885	-2000.32	4.7112e+08	2.7052e+17	0.112023	0.0105464
1.44928	-2000.16	1.51582e+09	2.97571e+18	0.119762	0.0114583
1.45985	-1998.88	1.46924e+09	2.7934e+18	0.125966	0.012622
1.47059	-2006.34	9.1971e+07	8.46107e+15	0.106336	0.00947421
1.48148	-1998.58	1.84422e+08	3.70217e+16	0.148107	0.0146823
1.49254	-1994.95	1.86308e+09	4.51977e+18	0.145226	0.0147055
1.50376	-1992.96	2.72973e+09	9.77556e+18	0.150266	0.0154716
1.51515	-1991.32	1.45806e+09	2.75037e+18	0.154561	0.0161833
1.52672	-1990.44	1.7432e+09	3.95068e+18	0.151821	0.0159711
1.53846	-1989.91	3.89214e+08	1.81495e+17	0.160438	0.0168939
1.55039	-1988.07	7.5765e+08	7.23035e+17	0.163514	0.0174567
1.5625	-1986.2	4.16519e+08	2.09167e+17	0.172797	0.019429
1.5748	-1984.05	5.4063e+08	3.60243e+17	0.176563	0.0196364
1.5873	-1980.54	2.38577e+09	7.45041e+18	0.188921	0.0215806
1.6	-1979.09	3.8423e+09	1.94584e+19	0.190136	0.0221201
1.6129	-1977.23	2.75916e+09	9.9899e+18	0.18774	0.0218028
1.62602	-1975.1	8.73653e+08	9.68686e+17	0.207786	0.0249412
1.63934	-1973.39	1.18035e+09	1.79036e+18	0.196352	0.0240563
1.65289	-1970.36	3.12321e+09	1.2824e+19	0.210116	0.0256041
1.66667	-1967.09	8.86743e+08	9.98747e+17	0.217311	0.0266092
1.68067	-1964.12	3.76294e+09	1.86603e+19	0.227205	0.0293468
1.69492	-1962.2	3.09555e+08	1.12143e+17	0.230862	0.028991
1.7094	-1958.34	1.92704e+09	4.84093e+18	0.237164	0.0312765
1.72414	-1954.09	6.74849e+08	5.70008e+17	0.253205	0.0345207
1.73913	-1952.41	2.2479e+09	6.60762e+18	0.26334	0.0361807
1.75439	-1947.94	2.3839e+09	7.4395e+18	0.270472	0.0374665
1.76991	-1944.16	8.68917e+09	1.00166e+20	0.281391	0.04073
1.78571	-1939.1	8.10438e+08	8.31017e+17	0.282385	0.0423098
1.8018	-1935.26	3.00033e+09	1.18304e+19	0.292433	0.043452
1.81818	-1929.75	4.59279e+08	2.57e+17	0.304845	0.0451541
1.83486	-1927.35	5.64803e+08	3.94969e+17	0.322402	0.0495389
1.85185	-1921.7	2.15681e+09	6.07916e+18	0.313292	0.0493822
1.86916	-1917.03	1.19134e+09	1.82619e+18	0.352467	0.0590756
1.88679	-1911.05	2.23103e+09	6.51134e+18	0.342594	0.0577742
1.90476	-1904.47	1.50504e+09	2.93502e+18	0.373473	0.0639307
1.92308	-1897.84	7.43229e+08	6.96115e+17	0.378604	0.0674344
1.94175	-1891.42	2.87027e+09	1.08229e+19	0.395421	0.0726813
1.96078	-1886.19	2.25182e+09	6.63265e+18	0.390549	0.0722028
1.9802	-1876.53	1.75432e+09	4.00407e+18	0.450082	0.0892182
2	-1868.75	1.01276e+09	1.31183e+18	0.472896	0.0958024
2.0202	-1855.1	1.58094e+08	2.67559e+16	0.471017	0.0943666
2.04082	-1854.23	5.89939e+09	4.60685e+19	0.4683	0.097997
2.06186	-1844.56	5.53125e+09	4.04791e+19	0.496408	0.106709
2.08333	-1834.93	8.74526e+08	9.72915e+17	0.4781	0.105683
2.10526	-1824.92	2.1393e+09	5.98364e+18	0.550799	0.127349
2.12766	-1812.76	4.10004e+09	2.21837e+19	0.536248	0.130683
2.15054	-1802.63	4.26527e+09	2.40186e+19	0.564541	0.143025
2.17391	-1794.24	1.21754e+09	1.91161e+18	0.59694	0.156752
2.1978	-1777.78	3.43674e+08	1.40772e+17	0.530141	0.138799
2.22222	-1764.51	6.60846e+08	5.48626e+17	0.597397	0.1684
2.24719	-1750.16	2.0521e+09	5.50558e+18	0.652226	0.195983
2.27273	-1735.64	7.51856e+09	7.49677e+19	0.666133	0.207859
2.29885	-1720.04	3.53861e+09	1.65072e+19	0.692204	0.226519
2.32558	-1700.75	3.49541e+09	1.61105e+19	0.723812	0.258579
2.35294	-1683.17	1.30739e+09	2.21033e+18	0.776784	0.27726
2.38095	-1667.12	1.0993e+09	1.55622e+18	0.787645	0.288127
2.40964	-1643.67	8.64018e+08	9.51636e+17	0.829797	0.334182
2.43902	-1621.71	4.06515e+09	2.18312e+19	0.843384	0.35627
2.46914	-1600.79	1.13797e+10	1.72061e+20	0.842741	0.371492
2.5	-1577.13	6.28823e+09	5.2415e+19	0.88229	0.418927
2.53165	-1548.72	7.5564e+08	7.25469e+17	0.895986	0.440055
2.5641	-1526.42	2.89467e+09	1.10332e+19	0.926641	0.488049
2.5974	-1496.7	9.56238e+09	1.21476e+20	0.944796	0.540519
2.63158	-1473.99	3.9442e+08	1.90587e+17	1.05999	0.632256
2.66667	-1433.06	3.68995e+09	1.79743e+19	0.980356	0.664862
2.7027	-1405.25	7.7883e+09	8.05141e+19	0.942598	0.653133
2.73973	-1373.55	3.40175e+09	1.52655e+19	0.996983	0.737332
2.77778	-1336.33	1.07041e+09	1.48164e+18	0.937716	0.76481
2.8169	-1300.43	2.75806e+09	1.00346e+19	0.999819	0.859073
2.85714	-1264.21	4.38114e+09	2.54074e+19	1.02405	0.973127
2.89855	-1230.56	6.79394e+09	6.1349e+19	0.985187	0.975342
2.94118	-1189.84	8.3046e+09	9.15679e+19	0.978688	1.04352
2.98507	-1155.01	2.82534e+09	1.0505e+19	0.952179	1.09537
3.0303	-1118.16	1.19378e+10	1.89712e+20	0.906655	1.1145
3.07692	-1080.28	9.3319e+09	1.15824e+20	0.872701	1.1541
3.125	-1040.21	3.10581e+09	1.27375e+19	0.826215	1.17154
3.1746	-1001.33	1.64647e+09	3.57636e+18	0.776316	1.15353
3.22581	-969.754	1.27972e+09	2.13898e+18	0.734375	1.17428
3.27869	-934.819	3.28098e+09	1.42534e+19	0.72352	1.2333
3.33333	-898.049	5.50841e+09	4.03716e+19	0.668482	1.25325
3.38983	-866.406	1.93623e+09	4.97034e+18	0.630598	1.1885
3.44828	-833.926	6.60251e+08	5.65655e+17	0.601109	1.25041
3.50877	-801.561	1.68647e+09	3.76987e+18	0.516815	1.16591
3.57143	-772.517	6.23488e+09	5.17241e+19	0.501601	1.16708
3.63636	-747.149	6.70302e+08	5.86183e+17	0.450793	1.07883
3.7037	-718.779	3.46617e+09	1.59385e+19	0.429869	1.10291
3.77358	-691.119	1.89526e+09	4.75333e+18	0.395099	1.06042
3.84615	-666.689	2.40442e+09	7.64741e+18	0.354551	0.992221
3.92157	-645.776	3.10598e+08	1.23488e+17	0.323824	0.963293
4	-624.756	2.41746e+08	7.39043e+16	0.288296	0.877838
4.08163	-598.061	1.47158e+09	2.86185e+18	0.277789	0.86867
4.16667	-579.073	3.32619e+09	1.47237e+19	0.252881	0.822
4.25532	-559.228	3.58727e+08	1.67585e+17	0.241237	0.816165
4.34783	-542.059	2.3243e+08	6.9027e+16	0.223937	0.79099
4.44444	-522.706	8.61126e+08	9.78585e+17	0.200366	0.715042
4.54545	-505.011	1.91781e+09	4.88013e+18	0.185882	0.698267
4.65116	-488.411	1.35528e+09	2.43599e+18	0.169142	0.637586
4.7619	-471.265	2.55794e+09	8.71557e+18	0.159753	0.618222
4.87805	-455.159	7.18086e+08	6.81753e+17	0.143794	0.559823
5	-440.74	4.37597e+08	2.50743e+17	0.13503	0.552752
5.12821	-424.641	2.84721e+08	1.06184e+17	0.124199	0.519461
5.26316	-409.795	5.82848e+08	4.49416e+17	0.117086	0.490279
5.40541	-397.568	2.69322e+08	9.56023e+16	0.110994	0.485619
5.55556	-379.496	3.42911e+07	1.40365e+15	0.092259	0.435496
5.71429	-371.333	3.25676e+07	1.25395e+15	0.088459	0.396206
5.88235	-357.401	2.11329e+07	4.78679e+14	0.0812067	0.431701
6.06061	-342.975	4.13271e+08	2.25825e+17	0.0772939	0.370809
6.25	-328.591	1.93381e+08	4.84431e+16	0.0721627	0.343508
6.45161	-317.108	1.08064e+08	1.50865e+16	0.0675499	0.320508
6.66667	-305.531	9.80218e+07	1.23942e+16	0.0605694	0.280809
6.89655	-293.523	3.73849e+08	1.84722e+17	0.0552391	0.283616
7.14286	-281.707	1.52971e+08	3.07241e+16	0.0500213	0.27362
7.40741	-270.085	3.36383e+07	1.3833e+15	0.0460716	0.251004
7.69231	-259.628	2.32118e+08	7.1264e+16	0.0425157	0.245204
8	-248.132	3.99911e+07	2.01675e+15	0.0386722	0.220445
8.33333	-236.741	2.08183e+08	5.69981e+16	0.0352393	0.209143
8.69565	-226.2	1.3637e+08	2.42863e+16	0.0320277	0.195188
9.09091	-214.881	1.30298e+08	2.24603e+16	0.0289351	0.183446
9.52381	-204.787	9.16039e+07	1.09363e+16	0.0256155	0.167417
10	-192.057	2.23747e+07	6.00012e+14	0.0224347	0.162261
