1/beta	E	M	C	X
0.5	-1800	9.02268e+07	8.14089e+15	0	0
0.501253	-1800	9.02268e+07	8.14089e+15	0	0
0.502513	-1800	9.02268e+07	8.14089e+15	0	0
0.503778	-1800	9.02268e+07	8.14089e+15	0	0
0.505051	-1800	9.02268e+07	8.14089e+15	0	0
0.506329	-1800	9.02268e+07	8.14089e+15	0	0
0.507614	-1800	9.02268e+07	8.14089e+15	0	0
0.508906	-1800	9.02268e+07	8.14089e+15	0	0
0.510204	-1800	9.02268e+07	8.14089e+15	0	0
0.511509	-1800	9.02268e+07	8.14089e+15	0	0
0.512821	-1800	9.02268e+07	8.14089e+15	0	0
0.514139	-1800	9.02268e+07	8.14089e+15	0	0
0.515464	-1800	9.02268e+07	8.14089e+15	0	0
0.516796	-1800	9.02268e+07	8.14089e+15	0	0
0.518135	-1800	9.02268e+07	8.14089e+15	0	0
0.519481	-1800	9.02268e+07	8.14089e+15	0	0
0.520833	-1800	9.02268e+07	8.14089e+15	0	0
0.522193	-1800	9.02268e+07	8.14089e+15	0	0
0.52356	-1800	9.02268e+07	8.14089e+15	0	0
0.524934	-1800	9.02268e+07	8.14089e+15	0	0
0.526316	-1800	9.02268e+07	8.14089e+15	0	0
0.527704	-1800	9.02268e+07	8.14089e+15	0	0
0.529101	-1800	9.02268e+07	8.14089e+15	0	0
0.530504	-1800	9.02268e+07	8.14089e+15	0	0
0.531915	-1800	9.02268e+07	8.14089e+15	0	0
0.533333	-1800	9.02268e+07	8.14089e+15	0	0
0.534759	-1800	9.02268e+07	8.14089e+15	0	0
0.536193	-1800	9.02268e+07	8.14089e+15	0	0
0.537634	-1800	9.02268e+07	8.14089e+15	0	0
0.539084	-1800	9.02268e+07	8.14089e+15	0	0
0.540541	-1800	9.02268e+07	8.14089e+15	0	0
0.542005	-1800	9.02268e+07	8.14089e+15	0	0
0.543478	-1800	9.02268e+07	8.14089e+15	0	0
0.544959	-1800	9.02268e+07	8.14089e+15	0	0
0.546448	-1800	9.02268e+07	8.14089e+15	0	0
0.547945	-1800	9.02268e+07	8.14089e+15	0	0
0.549451	-1800	9.02268e+07	8.14089e+15	0	0
0.550964	-1800	9.02268e+07	8.14089e+15	0	0
0.552486	-1800	9.02268e+07	8.14089e+15	0	0
0.554017	-1800	9.02268e+07	8.14089e+15	0	0
0.555556	-1800	9.02268e+07	8.14089e+15	0	0
0.557103	-1800	9.02268e+07	8.14089e+15	0	0
0.558659	-1800	9.02268e+07	8.14089e+15	0	0
0.560224	-1800	9.02268e+07	8.14089e+15	0	0
0.561798	-1800	9.02268e+07	8.14089e+15	0	0
0.56338	-1800	9.02268e+07	8.14089e+15	0	0
0.564972	-1800	9.02268e+07	8.14089e+15	0	0
0.566572	-1800	9.02268e+07	8.14089e+15	0	0
0.568182	-1800	9.02268e+07	8.14089e+15	0	0
0.569801	-1800	9.02268e+07	8.14089e+15	0	0
0.571429	-1800	9.02268e+07	8.14089e+15	0	0
0.573066	-1800	9.02268e+07	8.14089e+15	0	0
0.574713	-1800	9.02268e+07	8.14089e+15	0	0
0.576369	-1800	9.02268e+07	8.14089e+15	0	0
0.578035	-1800	9.02268e+07	8.14089e+15	0	0
0.57971	-1800	9.02268e+07	8.14089e+15	0	0
0.581395	-1800	9.02268e+07	8.14089e+15	0	0
0.58309	-1800	9.02268e+07	8.14089e+15	0	0
0.584795	-1800	9.02268e+07	8.14089e+15	0	0
0.58651	-1800	9.02268e+07	8.14089e+15	0	0
0.588235	-1800	9.02268e+07	8.14089e+15	0	0
0.589971	-1800	9.02268e+07	8.14089e+15	0	0
0.591716	-1800	9.02268e+07	8.14089e+15	0	0
0.593472	-1800	9.02268e+07	8.14089e+15	0	0
0.595238	-1800	9.02268e+07	8.14089e+15	0	0
0.597015	-1800	9.02268e+07	8.14089e+15	0	0
0.598802	-1800	9.02268e+07	8.14089e+15	0	0
0.600601	-1800	9.02268e+07	8.14089e+15	0	0
0.60241	-1800	9.02268e+07	8.14089e+15	0	0
0.60423	-1800	9.02268e+07	8.14089e+15	0	0
0.606061	-1800	9.02268e+07	8.14089e+15	0	0
0.607903	-1800	9.02268e+07	8.14089e+15	0	0
0.609756	-1800	9.02268e+07	8.14089e+15	0	0
0.611621	-1800	9.02268e+07	8.14089e+15	0	0
0.613497	-1800	9.02268e+07	8.14089e+15	0	0
0.615385	-1800	9.02268e+07	8.14089e+15	0	0
0.617284	-1800	9.02268e+07	8.14089e+15	0	0
0.619195	-1800	9.02268e+07	8.14089e+15	0	0
0.621118	-1800	9.02268e+07	8.14089e+15	0	0
0.623053	-1800	9.02268e+07	8.14089e+15	0	0
0.625	-1800	9.02268e+07	8.14089e+15	0	0
0.626959	-1800	9.02268e+07	8.14089e+15	0	0
0.628931	-1800	9.02268e+07	8.14089e+15	0	0
0.630915	-1800	9.02268e+07	8.14089e+15	0	0
0.632911	-1800	9.02268e+07	8.14089e+15	0	0
0.634921	-1800	9.02268e+07	8.14089e+15	0	0
0.636943	-1800	9.02268e+07	8.14089e+15	0	0
0.638978	-1800	9.02268e+07	8.14089e+15	0	0
0.641026	-1800	9.02268e+07	8.14089e+15	0	0
0.643087	-1800	9.02268e+07	8.14089e+15	0	0
0.645161	-1800	9.02268e+07	8.14089e+15	0	0
0.647249	-1800	9.02268e+07	8.14089e+15	0	0
0.649351	-1800	9.02268e+07	8.14089e+15	0	0
0.651466	-1800	9.02268e+07	8.14089e+15	0	0
0.653595	-1800	9.02268e+07	8.14089e+15	0	0
0.655738	-1800	9.02268e+07	8.14089e+15	0	0
0.657895	-1800	9.02268e+07	8.14089e+15	0	0
0.660066	-1800	9.02268e+07	8.14089e+15	0	0
0.662252	-1800	9.02268e+07	8.14089e+15	0	0
0.664452	-1800	9.02268e+07	8.14089e+15	0	0
0.666667	-1800	9.02268e+07	8.14089e+15	0	0
0.668896	-1800	9.02268e+07	8.14089e+15	0	0
0.671141	-1800	9.02268e+07	8.14089e+15	0	0
0.673401	-1800	9.02268e+07	8.14089e+15	0	0
0.675676	-1800	9.02268e+07	8.14089e+15	0	0
0.677966	-1800	9.02268e+07	8.14089e+15	0	0
0.680272	-1800	9.02268e+07	8.14089e+15	0	0
0.682594	-1800	9.02268e+07	8.14089e+15	0	0
0.684932	-1800	9.02268e+07	8.14089e+15	0	0
0.687285	-1800	9.02268e+07	8.14089e+15	0	0
0.689655	-1800	9.02268e+07	8.14089e+15	0	0
0.692042	-1800	9.02268e+07	8.14089e+15	0	0
0.694444	-1800	9.02268e+07	8.14089e+15	0	0
0.696864	-1800	9.02268e+07	8.14089e+15	0	0
0.699301	-1800	9.02268e+07	8.14089e+15	0	0
0.701754	-1800	9.02268e+07	8.14089e+15	0	0
0.704225	-1800	9.02254e+07	8.14063e+15	0	0
0.706714	-1800	9.02254e+07	8.14063e+15	0	0
0.70922	-1800	9.02254e+07	8.14063e+15	0	0
0.711744	-1800	9.02254e+07	8.14063e+15	0	0
0.714286	-1800	9.02254e+07	8.14063e+15	0	0
0.716846	-1800	9.02254e+07	8.14063e+15	0	0
0.719424	-1800	9.02254e+07	8.14063e+15	0	0
0.722022	-1800	9.02254e+07	8.14063e+15	0	0
0.724638	-1800	9.02254e+07	8.14063e+15	0	0
0.727273	-1800	9.02254e+07	8.14063e+15	0	0
0.729927	-1800	9.02254e+07	8.14063e+15	0	0
0.732601	-1800	9.02254e+07	8.14063e+15	0	0
0.735294	-1800	9.02254e+07	8.14063e+15	0	0
0.738007	-1800	9.02254e+07	8.14063e+15	0	0
0.740741	-1800	9.02254e+07	8.14063e+15	0	0
0.743494	-1800	9.02254e+07	8.14063e+15	0	0
0.746269	-1800	9.02254e+07	8.14063e+15	0	0
0.749064	-1800	9.02254e+07	8.14063e+15	0	0
0.75188	-1800	9.02254e+07	8.14063e+15	0	0
0.754717	-1800	9.02254e+07	8.14063e+15	0	0
0.757576	-1800	9.02254e+07	8.14063e+15	0	0
0.760456	-1800	9.02254e+07	8.14063e+15	0	0
0.763359	-1800	9.02261e+07	8.14077e+15	0	0
0.766284	-1800	9.02261e+07	8.14077e+15	0	0
0.769231	-1800	9.02261e+07	8.14077e+15	0	0
0.772201	-1800	9.02261e+07	8.14077e+15	0	0
0.775194	-1800	9.02261e+07	8.14077e+15	0	0
0.77821	-1800	9.02261e+07	8.14077e+15	0	0
0.78125	-1800	9.02229e+07	8.14018e+15	0	0
0.784314	-1800	9.02229e+07	8.14018e+15	0	0
0.787402	-1800	9.02229e+07	8.14018e+15	0	0
0.790514	-1800	9.02229e+07	8.14018e+15	0	0
0.793651	-1800	9.02229e+07	8.14018e+15	0	0
0.796813	-1800	9.02229e+07	8.14018e+15	0	0
0.8	-1800	9.02229e+07	8.14018e+15	0	0
0.803213	-1800	9.02229e+07	8.14018e+15	0	0
0.806452	-1800	9.02229e+07	8.14018e+15	0	0
0.809717	-1800	9.02229e+07	8.14018e+15	0	0
0.813008	-1800	9.02229e+07	8.14018e+15	0	0
0.816327	-1800	9.02229e+07	8.14018e+15	0	0
0.819672	-1800	9.02229e+07	8.14018e+15	0	0
0.823045	-1800	9.02229e+07	8.14018e+15	0	0
0.826446	-1800	9.02229e+07	8.14018e+15	0	0
0.829876	-1800	9.02229e+07	8.14018e+15	0	0
0.833333	-1800	9.02229e+07	8.14018e+15	0	0
0.83682	-1800	9.02229e+07	8.14018e+15	0	0
0.840336	-1800	9.02229e+07	8.14018e+15	0	0
0.843882	-1800	9.02229e+07	8.14018e+15	0	0
0.847458	-1800	9.02229e+07	8.14018e+15	0	0
0.851064	-1800	9.02229e+07	8.14018e+15	0	0
0.854701	-1800	9.02229e+07	8.14018e+15	0	0
0.858369	-1800	9.022e+07	8.13966e+15	0	0
0.862069	-1800	9.022e+07	8.13966e+15	0	0
0.865801	-1800	9.022e+07	8.13966e+15	0	0
0.869565	-1800	9.022e+07	8.13966e+15	0	0
0.873362	-1800	9.02149e+07	8.13874e+15	0	0
0.877193	-1800	9.02149e+07	8.13874e+15	0	0
0.881057	-1800	9.02149e+07	8.13874e+15	0	0
0.884956	-1800	9.02119e+07	8.1382e+15	0	0
0.888889	-1800	9.02119e+07	8.1382e+15	0	0
0.892857	-1800	9.02119e+07	8.1382e+15	0	0
0.896861	-1799.34	1.11761e+08	1.26486e+16	0.00819349	0.000459276
0.900901	-1799.08	1.29243e+08	1.72181e+16	0.00905371	0.000509781
0.904977	-1799.19	1.30151e+08	1.74773e+16	0.0100793	0.00060137
0.909091	-1800	9.57453e+07	9.17826e+15	0	0
0.913242	-1800	9.17968e+07	8.42773e+15	0	0
0.917431	-1800	9.48327e+07	9.00114e+15	0	0
0.921659	-1799.08	1.01619e+08	1.03717e+16	0.00861207	0.000503385
0.925926	-1798.18	1.20523e+08	1.48372e+16	0.0181712	0.00108027
0.930233	-1799.16	1.10691e+08	1.23956e+16	0.00881102	0.000512269
0.934579	-1798.11	1.88526e+08	3.878e+16	0.0175559	0.00108065
0.938967	-1799.16	1.20605e+08	1.48584e+16	0.00766619	0.000449894
0.943396	-1798.49	1.31598e+08	1.78959e+16	0.0158518	0.000934659
0.947867	-1798.46	1.86034e+08	3.76844e+16	0.0170657	0.00103863
0.952381	-1799.17	9.75042e+07	9.52607e+15	0.00725447	0.000431814
0.956938	-1797.6	1.70287e+08	3.11493e+16	0.0252457	0.00172034
0.961538	-1800	9.49439e+07	9.02267e+15	0	0
0.966184	-1798.25	2.30619e+08	5.97788e+16	0.0162308	0.000992909
0.970874	-1797.63	2.2581e+08	5.71431e+16	0.021316	0.00135155
0.97561	-1798.07	1.2748e+08	1.67213e+16	0.0214002	0.00149839
0.980392	-1797.99	1.14298e+08	1.32614e+16	0.0202068	0.00123816
0.985222	-1800	9.01833e+07	8.13304e+15	0	0
0.990099	-1797.95	1.11715e+08	1.26383e+16	0.0217734	0.00137338
0.995025	-1797.08	2.10055e+08	4.89325e+16	0.0320006	0.00210342
1	-1797.94	1.71831e+08	3.17619e+16	0.0150844	0.000983471
1.00503	-1797.48	1.71211e+08	3.15186e+16	0.0235554	0.00161309
1.0101	-1797.58	3.12253e+08	1.13976e+17	0.0231249	0.00152655
1.01523	-1796.92	3.5171e+08	1.46546e+17	0.0283176	0.00224219
1.02041	-1796.66	4.99294e+08	3.05156e+17	0.0301068	0.00214328
1.02564	-1796.45	1.73405e+08	3.23948e+16	0.0275588	0.00184744
1.03093	-1796.43	4.08651e+08	2.00855e+17	0.0311204	0.00212022
1.03627	-1796.49	1.96267e+08	4.22904e+16	0.0261931	0.00207426
1.04167	-1795.51	2.57697e+08	7.57875e+16	0.037837	0.00262505
1.04712	-1796.04	4.99468e+08	3.05374e+17	0.032119	0.0022757
1.05263	-1796.41	1.87948e+08	3.85303e+16	0.0296034	0.00199741
1.0582	-1796.69	1.79116e+08	3.4734e+16	0.0252402	0.00175558
1.06383	-1796.04	2.03325e+08	4.56306e+16	0.0336559	0.00232355
1.06952	-1795.55	5.57116e+08	3.83132e+17	0.0337329	0.00246402
1.07527	-1795.54	9.10678e+08	1.05391e+18	0.0349119	0.00259862
1.08108	-1792.92	9.83154e+07	9.68944e+15	0.0251764	0.00170111
1.08696	-1795.01	2.34611e+08	6.20242e+16	0.0366763	0.0026535
1.0929	-1794.44	6.17288e+08	4.73753e+17	0.043854	0.00323262
1.0989	-1794.66	5.26103e+08	3.40229e+17	0.0430123	0.00337139
1.10497	-1794.19	1.71259e+08	3.15395e+16	0.0387723	0.00295542
1.11111	-1793.92	4.33498e+08	2.27285e+17	0.0444001	0.0036179
1.11732	-1793.47	7.21044e+08	6.52701e+17	0.0495823	0.00376474
1.1236	-1794.05	6.66645e+08	5.55302e+17	0.0434621	0.00334028
1.12994	-1794.36	1.12333e+08	1.27877e+16	0.0335617	0.00260018
1.13636	-1792.49	9.27876e+08	1.0951e+18	0.052578	0.00409218
1.14286	-1792.11	3.30548e+08	1.28576e+17	0.0521591	0.00437591
1.14943	-1792.31	6.97758e+08	6.10107e+17	0.0556403	0.00445691
1.15607	-1792.6	1.36214e+08	1.92726e+16	0.0440687	0.00329161
1.16279	-1791.83	1.63e+09	3.4478e+18	0.0588587	0.00482871
1.16959	-1790.74	1.5937e+08	2.70135e+16	0.0530594	0.00425597
1.17647	-1790.79	2.07459e+09	5.61703e+18	0.0621451	0.00529415
1.18343	-1790.88	1.80369e+09	4.23231e+18	0.0627374	0.00527872
1.19048	-1790.79	8.08713e+08	8.26294e+17	0.0602026	0.00504066
1.1976	-1790.08	2.70969e+09	9.63038e+18	0.0636735	0.00549433
1.20482	-1788.69	8.87484e+08	9.99749e+17	0.0733844	0.00644052
1.21212	-1788.27	9.28993e+08	1.0978e+18	0.0762069	0.00714725
1.21951	-1789.37	1.33306e+08	1.84032e+16	0.0510493	0.00446317
1.22699	-1788.87	4.38588e+08	2.32925e+17	0.0674283	0.00579618
1.23457	-1786.76	1.54944e+08	2.54275e+16	0.0929628	0.00979473
1.24224	-1787.08	2.43565e+08	6.72149e+16	0.0725697	0.0065316
1.25	-1786.26	4.59105e+08	2.56293e+17	0.0843877	0.00791105
1.25786	-1785.69	2.08852e+09	5.69359e+18	0.0887845	0.00881096
1.26582	-1785.34	3.3019e+08	1.28326e+17	0.0837708	0.00864711
1.27389	-1784.28	7.16865e+08	6.45053e+17	0.0925286	0.00879372
1.28205	-1783.6	2.81986e+08	9.18569e+16	0.0838762	0.00818176
1.29032	-1782.95	2.00199e+09	5.227e+18	0.0984271	0.00977854
1.2987	-1779.46	1.16656e+08	1.38556e+16	0.102394	0.00994565
1.30719	-1781.23	2.16314e+09	6.11271e+18	0.105139	0.01071
1.31579	-1780.81	2.88131e+08	9.61868e+16	0.100205	0.00993091
1.3245	-1779.98	7.47933e+08	7.03972e+17	0.107559	0.0111436
1.33333	-1780.34	3.07463e+08	1.10368e+17	0.106054	0.0111074
1.34228	-1778.15	1.1193e+09	1.60646e+18	0.120056	0.0126224
1.35135	-1776.84	8.12037e+08	8.33479e+17	0.12258	0.0133297
1.36054	-1775.79	1.25482e+09	2.02737e+18	0.118481	0.0133747
1.36986	-1774.69	2.51863e+08	7.22311e+16	0.129736	0.0138463
1.37931	-1774.53	3.23048e+08	1.22558e+17	0.126554	0.0148291
1.38889	-1771.8	9.14125e+08	1.06242e+18	0.143544	0.0174945
1.3986	-1771.09	3.50086e+09	1.61352e+19	0.143356	0.0165136
1.40845	-1769.92	3.84308e+09	1.94662e+19	0.151133	0.0180614
1.41844	-1768.73	2.34033e+09	7.16576e+18	0.152282	0.0183241
1.42857	-1767.71	1.9196e+09	4.80171e+18	0.1599	0.0194921
1.43885	-1766.19	4.54852e+08	2.51453e+17	0.170538	0.020381
1.44928	-1764.2	1.69116e+09	3.71556e+18	0.163906	0.0206938
1.45985	-1762.26	9.88482e+08	1.24665e+18	0.186227	0.0256294
1.47059	-1760.7	2.17374e+09	6.17471e+18	0.180085	0.0247277
1.48148	-1758.64	1.84646e+09	4.43953e+18	0.194227	0.0253839
1.49254	-1757.76	1.96614e+09	5.04055e+18	0.187365	0.0257842
1.50376	-1754.48	1.54804e+09	3.1064e+18	0.200167	0.028552
1.51515	-1753.3	1.5974e+09	3.3105e+18	0.206596	0.0280762
1.52672	-1750.95	5.67943e+09	4.26755e+19	0.214839	0.030767
1.53846	-1748.92	4.0142e+09	2.12517e+19	0.220952	0.0318537
1.55039	-1746.86	1.39405e+09	2.5116e+18	0.225599	0.0332563
1.5625	-1748.43	1.7592e+08	3.35101e+16	0.183978	0.0247881
1.5748	-1740.85	3.52259e+09	1.63403e+19	0.250435	0.0395229
1.5873	-1737.71	2.63531e+09	9.10772e+18	0.259301	0.0424021
1.6	-1735.63	8.25715e+08	8.62997e+17	0.261742	0.0426832
1.6129	-1732.67	4.49894e+09	2.67264e+19	0.263685	0.0442261
1.62602	-1730.35	2.90134e+09	1.10564e+19	0.275784	0.0488753
1.63934	-1724.98	2.78088e+09	1.01499e+19	0.288061	0.0513834
1.65289	-1723.82	1.38459e+09	2.47697e+18	0.297241	0.0525919
1.66667	-1716.97	1.0069e+09	1.29539e+18	0.327545	0.0626611
1.68067	-1715.03	7.09186e+08	6.31722e+17	0.313383	0.0592907
1.69492	-1710.42	1.78755e+09	4.15835e+18	0.343452	0.0674312
1.7094	-1705	8.47778e+08	9.11645e+17	0.367533	0.0759864
1.72414	-1699.62	1.92908e+08	4.09422e+16	0.384563	0.0780911
1.73913	-1696.77	1.13814e+09	1.66386e+18	0.356786	0.0762515
1.75439	-1691.06	5.74817e+09	4.37288e+19	0.388118	0.0877271
1.76991	-1686.27	1.8548e+09	4.48162e+18	0.389005	0.0891649
1.78571	-1678.29	2.72266e+09	9.7298e+18	0.435352	0.10813
1.8018	-1668.56	6.58385e+08	5.42308e+17	0.480213	0.163831
1.81818	-1666.29	1.96364e+09	5.02896e+18	0.46145	0.126568
1.83486	-1659.15	5.70209e+08	4.0356e+17	0.509527	0.155489
1.85185	-1652.98	1.10586e+09	1.56941e+18	0.457522	0.123329
1.86916	-1644.52	4.95294e+09	3.24312e+19	0.503894	0.154184
1.88679	-1636.84	9.30711e+08	1.10407e+18	0.556312	0.165326
1.90476	-1625.24	2.92937e+09	1.12836e+19	0.567161	0.206092
1.92308	-1615.29	3.50328e+09	1.61741e+19	0.610729	0.231808
1.94175	-1613.01	4.63845e+08	2.62898e+17	0.709736	0.301217
1.96078	-1596.15	2.1997e+08	5.45939e+16	0.573151	0.19043
1.9802	-1582.57	4.56876e+09	2.75601e+19	0.718717	0.38086
2	-1570.68	3.0193e+09	1.19978e+19	0.675621	0.325645
2.0202	-1558	5.17609e+09	3.54725e+19	0.774866	0.441827
2.04082	-1543.9	1.64612e+09	3.52089e+18	0.833555	0.569093
2.06186	-1527.28	8.91477e+09	1.05407e+20	0.852599	0.71926
2.08333	-1508.97	6.49042e+08	5.28088e+17	0.828672	0.676424
2.10526	-1484.22	5.01623e+08	3.11468e+17	1.06045	1.0735
2.12766	-1474.76	1.97531e+09	5.0995e+18	1.06508	1.20913
2.15054	-1449.13	1.70419e+09	3.79594e+18	1.06809	1.48242
2.17391	-1429.72	2.75922e+09	1.00129e+19	1.19429	1.82599
2.1978	-1400.74	4.33421e+09	2.49445e+19	1.23588	2.18312
2.22222	-1382.72	2.49511e+08	7.45381e+16	1.18143	1.29606
2.24719	-1328.25	8.02702e+09	9.10313e+19	1.66018	156.486
2.27273	-1305.88	-4.30328e+08	2.29758e+17	1.41583	3.26528
2.29885	-1230.23	-1.18165e+09	1.74267e+18	1.86865	25.0792
2.32558	-1203.96	4.99542e+08	1.14851e+18	1.78514	120.624
2.35294	-1161.17	-9.07028e+08	1.25813e+18	1.44861	58.0768
2.38095	-1115	-2.02344e+08	2.16835e+17	1.405	65.2412
2.40964	-1071.95	5.29551e+06	7.17161e+15	1.18475	38.6564
2.43902	-1056.23	-1.10614e+09	1.76497e+18	1.11681	42.5615
2.46914	-1021.5	-1.13761e+08	1.86301e+16	0.917559	26.4071
2.5	-996.953	7.2687e+07	5.9833e+15	0.809264	21.6691
2.53165	-970.172	6.07815e+06	8.4277e+15	0.853575	19.2756
2.5641	-946.651	-1.02663e+07	6.87932e+14	0.671493	11.1142
2.5974	-922.56	3.54908e+07	1.81957e+15	0.754369	14.4779
2.63158	-902.492	1.98993e+07	9.65505e+14	0.694379	12.201
2.66667	-889.482	7.34015e+07	7.7446e+15	0.621358	12.1464
2.7027	-865.055	-5.06248e+07	3.43729e+15	0.578768	8.17805
2.73973	-848.106	4.15365e+07	3.1302e+15	0.560503	7.76243
2.77778	-826.703	7.90462e+07	8.49886e+15	0.533597	7.89504
2.8169	-820.184	-3.0194e+07	1.04352e+15	0.528733	5.51783
2.85714	-792.307	4.51068e+06	1.00579e+14	0.473352	5.71092
2.89855	-777.432	1.93897e+07	5.45346e+14	0.439971	4.47004
2.94118	-756.685	-1.40092e+07	6.80984e+14	0.435836	4.19105
2.98507	-741.239	-5.85986e+06	3.13577e+14	0.398588	3.91828
3.0303	-726.774	-1.32158e+07	2.77744e+14	0.382253	3.77123
3.07692	-710.957	7.41706e+06	1.18423e+14	0.360171	3.46456
3.125	-696.571	-9.9445e+06	2.412e+14	0.361314	2.9563
3.1746	-678.895	4.23968e+07	2.10778e+15	0.340635	2.83837
3.22581	-664.084	2.02657e+07	6.13418e+14	0.32188	2.49556
3.27869	-648.041	2.01682e+06	2.56825e+14	0.309243	2.48158
3.33333	-634.449	6.31726e+06	4.70689e+13	0.275817	2.08761
3.38983	-626.871	5.53369e+06	3.96574e+13	0.260469	2.02281
3.44828	-608.195	-8.58314e+06	9.4886e+13	0.257231	1.8459
3.50877	-595.906	-91146	1.44953e+12	0.261259	1.53598
3.57143	-578.558	2.86089e+06	6.30734e+13	0.234426	1.72385
3.63636	-566.731	1.51747e+06	1.83141e+13	0.233087	1.60925
3.7037	-553.385	1.12834e+07	1.51229e+14	0.216538	1.35785
3.77358	-541.437	-473946	2.75533e+12	0.208892	1.33141
3.84615	-526.867	133938	2.13045e+12	0.184773	1.18933
3.92157	-513.998	-4.58467e+06	1.30607e+14	0.178027	1.14147
4	-500.944	7.29911e+06	6.81686e+13	0.16759	1.03868
4.08163	-489.478	-3.85825e+06	5.65374e+13	0.162993	1.02831
4.16667	-475.329	2.54956e+06	1.3909e+13	0.149282	0.932512
4.25532	-466.452	4.77617e+06	3.07632e+13	0.139939	0.884118
4.34783	-453.698	6.30728e+06	4.31807e+13	0.142632	0.820739
4.44444	-441.053	2.98914e+06	2.71623e+13	0.130459	0.752064
4.54545	-430.501	7.03474e+06	5.36135e+13	0.127066	0.714309
4.65116	-418.54	3.15622e+06	2.01174e+13	0.114379	0.660531
4.7619	-405.092	2.07163e+06	4.95374e+12	0.103356	0.688575
4.87805	-397.015	1.91643e+06	1.12671e+13	0.104822	0.592302
5	-385.985	-6.39477e+06	4.99076e+13	0.0976411	0.552819
5.12821	-375.654	2.20994e+06	1.35495e+13	0.0925848	0.525814
5.26316	-363.434	-3.12123e+06	1.78974e+13	0.0871532	0.488975
5.40541	-354.33	-1.69117e+06	3.56431e+12	0.0788556	0.49996
5.55556	-342.149	-6.43976e+06	5.2132e+13	0.0763526	0.454704
5.71429	-332.714	4.72131e+06	2.95403e+13	0.0726518	0.420445
5.88235	-321.604	2.02409e+06	1.13062e+13	0.0661306	0.40471
6.06061	-310.913	-3.28184e+06	1.78424e+13	0.0631234	0.368947
6.25	-301.097	4.24266e+06	2.36322e+13	0.0576628	0.346692
6.45161	-284.069	782774	6.52171e+11	0.0529597	0.343089
6.66667	-278.193	-348411	4.50794e+11	0.0518718	0.30027
6.89655	-269.87	-761897	6.76859e+11	0.0468909	0.296754
7.14286	-260.158	6.22066e+06	4.38149e+13	0.0431052	0.27169
7.40741	-249.349	776680	8.82041e+11	0.0403773	0.245498
7.69231	-240.255	-498534	6.2433e+11	0.0371806	0.233099
8	-230	-16930.8	1.40323e+12	0.0325297	0.226646
8.33333	-221.931	3.60391e+06	1.49348e+13	0.03112	0.20606
8.69565	-211.956	55031.5	3.7857e+11	0.0274779	0.195714
9.09091	-202.164	-2.39499e+06	1.94781e+13	0.0255943	0.180705
9.52381	-191.502	352709	8.45401e+11	0.0234626	0.169961
10	-182.887	-120660	1.39436e+12	0.0210095	0.152536
