1	-800	1	0	0
0.99	-800	1	0	0
0.98	-800	1	0	0
0.97	-790.06	0.995	1.04774e-012	0
0.96	-790.06	0.995	1.04774e-012	0
0.95	-799.96	1	-5.13392e-012	0
0.94	-799.96	1	-5.13392e-012	0
0.93	-799.96	1	-5.13392e-012	0
0.92	-799.96	1	-5.13392e-012	0
0.91	-799.96	1	-5.13392e-012	0
0.9	-799.96	1	-5.13392e-012	0
0.89	-770.62	0.985	3.24799e-012	0
0.88	-790.14	0.995	2.20025e-012	0
0.87	-780.4	0.99	9.42964e-013	0
0.86	-780.4	0.99	9.42964e-013	0
0.85	-790.1	0.995	-2.09548e-012	0
0.84	-790.1	0.995	-2.09548e-012	0
0.83	-790.1	0.995	-2.09548e-012	0
0.82	-790.1	0.995	-2.09548e-012	0
0.81	-790.1	0.995	-2.09548e-012	0
0.8	-780.5	0.99	0	0
0.79	-780.5	0.99	0	0
0.78	-799.62	1	2.82889e-012	0
0.77	-799.62	1	2.82889e-012	0
0.76	-790.1	0.995	-2.09548e-012	0
0.75	-790.1	0.995	-2.09548e-012	0
0.74	-790.1	0.995	-2.09548e-012	0
0.73	-790.037	0.994967	0.00053337	3.97333e-005
0.72	-780.66	0.99	-2.4098e-012	0
0.71	-780.66	0.99	-2.4098e-012	0
0.7	-780.66	0.99	-2.4098e-012	0
0.69	-771.3	0.985	-3.77186e-012	0
0.68	-790.02	0.995	-1.15251e-012	0
0.67	-790.02	0.995	-1.15251e-012	0
0.66	-799.34	1	2.4098e-012	0
0.65	-799.34	1	2.4098e-012	0
0.64	-771.5	0.985	0	0
0.63	-799.28	1	3.14321e-013	0
0.62	-799.28	1	3.14321e-013	0
0.61	-799.28	1	3.14321e-013	0
0.6	-799.28	1	3.14321e-013	0
0.59	-790.1	0.995	-2.09548e-012	0
0.58	-799.28	1	3.14321e-013	0
0.57	-790.14	0.995	2.20025e-012	0
0.56	-790.14	0.995	2.20025e-012	0
0.55	-790.14	0.995	2.20025e-012	0
0.54	-790.14	0.995	2.20025e-012	0
0.53	-790.14	0.995	2.20025e-012	0
0.52	-790.14	0.995	2.20025e-012	0
0.51	-781.12	0.99	3.56231e-012	0
0.5	-763.12	0.98	1.67638e-012	0
0.49	-790.06	0.995	8.3819e-013	0
0.48	-790.06	0.995	8.3819e-013	0
0.47	-781.12	0.99	3.56231e-012	0
0.46	-789.876	0.994833	0.000701986	0.000193333
0.45	-789.842	0.9949	0.00139726	0.0001176
0.44	-781.12	0.99	3.56231e-012	0
0.43	-772.26	0.985	1.88593e-012	0
0.42	-772.26	0.985	1.88593e-012	0
0.41	-798.72	1	5.23869e-013	0
0.4	-789.92	0.995	5.23869e-013	0
0.39	-789.92	0.995	5.23869e-013	0
0.38	-789.92	0.995	5.23869e-013	0
0.37	-781.18	0.99	3.24799e-012	0
0.36	-789.9	0.995	3.87663e-012	0
0.35	-798.6	1	-4.29573e-012	0
0.34	-789.92	0.995	5.23869e-013	0
0.33	-759.125	0.974833	0.000629752	0.000193333
0.32	-772.54	0.985	2.82889e-012	0
0.31	-781.16	0.99	-1.67638e-012	0
0.3	-781.16	0.99	-1.67638e-012	0
0.29	-781.16	0.99	-1.67638e-012	0
0.28	-798.28	1	1.25729e-012	0
0.27	-789.74	0.995	-2.93367e-012	0
0.26	-798.26	1	3.14321e-012	0
0.25	-798.26	1	3.14321e-012	0
0.24	-798.26	1	3.14321e-012	0
0.23	-798.26	1	3.14321e-012	0
0.22	-798.26	1	3.35276e-012	0
0.21	-777	0.985	-1.04774e-013	0
0.2	-781.4	0.99	5.02914e-012	0
0.19	-798.18	1	-5.76256e-012	0
0.18	-789.82	0.995	-2.82889e-012	0
0.17	-773.14	0.985	1.78115e-012	0
0.16	-772.634	0.9771	5.68566e-005	0.0037016
0.15	-764.414	0.9749	0.000326164	0.0001176
0.14	-756.383	0.974333	0.014652	0.00213333
0.13	-773.06	0.985	3.24799e-012	0
0.12	-781.19	0.989933	0.000803908	7.89333e-005
0.11	-789.5	0.995	-1.04774e-013	0
0.1	-789.5	0.995	-1.04774e-013	0
0.09	-781.32	0.99	-5.23869e-012	0
0.08	-765	0.98	0	0
0.07	-773.146	0.980467	0.00228444	0.000507733
0.06	-773.004	0.9846	0.00518961	0.0010816
0.05	-789.3	0.995	-3.03844e-012	0
0.04	-781.22	0.99	-1.04774e-012	0
0.03	-769.107	0.973933	0.00305095	0.00204693
0.02	-781.14	0.99	8.3819e-013	0
0.01	-789.16	0.995	-2.30502e-012	0
-7.5287e-016	-789.16	0.995	-2.30502e-012	0
-0.01	-789.16	0.995	-2.30502e-012	0
-0.02	-789.16	0.995	-2.30502e-012	0
-0.03	-789.16	0.995	-2.30502e-012	0
-0.04	-789.213	0.995033	0.000373849	3.97333e-005
-0.05	-789.18	0.995	-2.93367e-012	0
-0.06	-765.54	0.98	4.50527e-012	0
-0.07	-773.4	0.985	4.4005e-012	0
-0.08	-765.832	0.9715	4.8384e-006	0.00126
-0.09	-789	0.995	1.04774e-013	0
-0.1	-773.349	0.984933	0.00017097	7.89333e-005
-0.11	-788.96	0.995	-1.67638e-012	0
-0.12	-755.1	0.95	-2.4098e-012	0
-0.13	-754.552	0.960533	3.90566e-005	0.00385173
-0.14	-788.58	0.995	-1.57161e-012	0
-0.15	-788.58	0.995	-1.57161e-012	0
-0.16	-773.169	0.984967	0.000351535	3.97333e-005
-0.17	-769.56	0.98	5.02914e-012	0
-0.18	-777.2	0.985	2.72412e-012	0
-0.19	-773.2	0.985	0	0
-0.2	-747.355	0.958067	3.41504e-005	0.00142293
-0.21	-765.355	0.978233	0.00360369	0.00297093
-0.22	-773.868	0.975133	4.52249e-006	0.000155733
-0.23	-761.83	0.974967	0.000338836	3.97333e-005
-0.24	-751.3	0.96	-1.67638e-012	0
-0.25	-754.183	0.969033	0.00413525	0.000935733
-0.26	-795.16	1	-1.25729e-012	0
-0.27	-726.319	0.9384	0.00134084	0.0085056
-0.28	-776.62	0.985	4.19095e-012	0
-0.29	-769.071	0.979733	0.000831185	0.000542933
-0.3	-730.131	0.9408	0.00591811	0.0011264
-0.31	-738.5	0.940967	0.00182444	0.00117573
-0.32	-727.297	0.742367	9.18979e-005	0.00149573
-0.33	-805.377	-0.609267	0.00184843	0.00595093
-0.34	-817.533	-0.570533	0.00472048	0.0233717
-0.35	-834.448	-0.681867	0.00547715	0.0357237
-0.36	-819.119	-0.667867	0.00287368	0.00826773
-0.37	-846.656	-0.662133	0.00345499	0.0161877
-0.38	-843.784	-0.652	0.00029111	0.00336
-0.39	-867.564	-0.726567	0.00122941	0.00833093
-0.4	-863.097	-0.7464	0.00531254	0.0037696
-0.41	-859.926	-0.730767	0.000243827	0.00125893
-0.42	-876.705	-0.795467	0.0029639	0.00818773
-0.43	-878.643	-0.793933	0.000366096	0.00100693
-0.44	-879.539	-0.752833	0.000390867	0.00155333
-0.45	-862.115	-0.7469	0.00207215	0.0047736
-0.46	-875.03	-0.789767	0.00681418	0.00898693
-0.47	-879.467	-0.7989	0.00306711	0.0061496
-0.48	-871.894	-0.799033	0.00212854	0.00621573
-0.49	-873.261	-0.7831	0.00158064	0.0071736
-0.5	-864.6	-0.800867	0.00197136	0.00125973
-0.51	-896.475	-0.840367	0.000238418	0.00152773
-0.52	-879.79	-0.7987	0.00018729	0.0011544
-0.53	-904.308	-0.837867	0.00465523	0.00146773
-0.54	-893.351	-0.824867	0.000778639	0.00103573
-0.55	-892.538	-0.8399	2.13444e-005	0.0001176
-0.56	-911.53	-0.8354	8.30915e-005	0.0004416
-0.57	-916.569	-0.840067	0.000641987	0.00223893
-0.58	-889.81	-0.810733	0.000151568	0.000750933
-0.59	-916.26	-0.855	-6.28643e-013	0
-0.6	-907.46	-0.835	1.88593e-012	0
-0.61	-902.931	-0.832833	0.00040038	0.00179333
-0.62	-904.535	-0.839333	0.00015991	0.000693333
-0.63	-897.96	-0.845	-2.20025e-012	0
-0.64	-923.24	-0.85	3.14321e-013	0
-0.65	-919.318	-0.8503	8.57844e-005	0.0003384
-0.66	-891.104	-0.820167	0.000395093	0.000513333
-0.67	-895.854	-0.836867	0.00081987	0.00156373
-0.68	-920.368	-0.853633	0.000330634	0.00119173
-0.69	-898.343	-0.822933	0.0118895	0.00193493
-0.7	-923.6	-0.864333	0.00061344	0.000693333
-0.71	-909.88	-0.844767	0.000400135	0.000266933
-0.72	-909.765	-0.844833	0.000399872	0.000833333
-0.73	-936.112	-0.8797	0.0001082	0.0003384
-0.74	-942.72	-0.875	4.71482e-012	0
-0.75	-940.037	-0.879833	0.00087725	0.000193333
-0.76	-947.28	-0.89	-8.17236e-012	0
-0.77	-937.74	-0.885	4.4005e-012	0
-0.78	-947.3	-0.89	7.22939e-012	0
-0.79	-930.56	-0.875	-5.65778e-012	0
-0.8	-919.573	-0.867	0.00395264	0.00144
-0.81	-921.644	-0.859767	0.000105081	0.000266933
-0.82	-929.02	-0.87	3.03844e-012	0
-0.83	-934.68	-0.875	-2.20025e-012	0
-0.84	-936.36	-0.88	6.3912e-012	0
-0.85	-934.694	-0.8751	5.09796e-005	0.0001176
-0.86	-953.54	-0.895	-2.09548e-013	0
-0.87	-942.06	-0.885	-7.01984e-012	0
-0.88	-944.3	-0.88	2.4098e-012	0
-0.89	-945.439	-0.8832	0.000656999	0.0013824
-0.9	-942.08	-0.885	3.56231e-012	0
-0.91	-942.08	-0.885	3.56231e-012	0
-0.92	-924.56	-0.87	-4.92437e-012	0
-0.93	-938.42	-0.875	-6.49597e-012	0
-0.94	-932.535	-0.8802	0.00119489	0.0002304
-0.95	-942.38	-0.875	2.72412e-012	0
-0.96	-926.239	-0.874633	0.00022546	0.000407733
-0.97	-954.14	-0.895	4.08618e-012	0
-0.98	-950.489	-0.886433	0.00198223	0.00122693
-0.99	-946.22	-0.885	4.19095e-013	0
-1	-938.033	-0.8746	0.00044864	0.0004416
-0.99	-950.16	-0.885	2.51457e-012	0
-0.98	-954.08	-0.895	5.65778e-012	0
-0.97	-934.32	-0.875	-2.20025e-012	0
-0.96	-946	-0.895	3.66708e-012	0
-0.95	-954	-0.895	3.66708e-012	0
-0.94	-946.24	-0.885	3.03844e-012	0
-0.93	-916.504	-0.869867	0.000802173	0.000155733
-0.92	-955.7	-0.9	-3.24799e-012	0
-0.91	-955.7	-0.9	-3.24799e-012	0
-0.9	-955.7	-0.9	-3.24799e-012	0
-0.89	-946.419	-0.885167	0.000928341	0.00195333
-0.88	-924.871	-0.8681	0.00339735	0.0026136
-0.87	-934.82	-0.875	1.15251e-012	0
-0.86	-946.9	-0.875233	0.000118454	0.000266933
-0.85	-921.437	-0.858167	0.00202289	0.00139333
-0.84	-945.5	-0.895	3.66708e-012	0
-0.83	-939.84	-0.89	-2.30502e-012	0
-0.82	-947.12	-0.9	-5.13392e-012	0
-0.81	-953.699	-0.898167	0.00415543	0.00443333
-0.8	-937.5	-0.895	3.56231e-012	0
-0.79	-937.5	-0.895	3.56231e-012	0
-0.78	-927.94	-0.89	4.92437e-012	0
-0.77	-949.511	-0.8951	4.1835e-005	0.0001176
-0.76	-950.44	-0.885	2.61934e-012	0
-0.75	-949.08	-0.880467	0.00017136	0.000507733
-0.74	-940.867	-0.879933	0.00035556	7.89333e-005
-0.73	-958.614	-0.899867	0.000696399	0.000155733
-0.72	-935.441	-0.8744	0.000595104	0.0006336
-0.71	-927.596	-0.875033	0.000175083	3.97333e-005
-0.7	-946.58	-0.9	3.14321e-012	0
-0.69	-951.96	-0.905	7.33417e-013	0
-0.68	-937.06	-0.879633	0.000113122	0.000407733
-0.67	-941.16	-0.88	-2.20025e-012	0
-0.66	-938.48	-0.885	-9.42964e-013	0
-0.65	-954.423	-0.900167	4.901e-005	0.000193333
-0.64	-938.54	-0.885	-3.03844e-012	0
-0.63	-959.58	-0.905	5.76256e-012	0
-0.62	-963.489	-0.904633	9.40396e-005	0.000407733
-0.61	-964.994	-0.910767	0.000395266	0.000858933
-0.6	-971.076	-0.9194	0.000136858	0.0006336
-0.59	-970.02	-0.915	4.61005e-012	0
-0.58	-951.7	-0.905	-1.46683e-012	0
-0.57	-944.348	-0.891233	0.00105237	0.00111493
-0.56	-955.64	-0.905	4.29573e-012	0
-0.55	-960.799	-0.910267	5.49824e-005	0.000302933
-0.54	-970.859	-0.919967	0.000491381	3.97333e-005
-0.53	-970.9	-0.92	-2.93367e-012	0
-0.52	-947.973	-0.888233	0.0090131	0.00313093
-0.51	-970.78	-0.92	3.14321e-013	0
-0.5	-956.78	-0.91	5.97211e-012	0
-0.49	-946.82	-0.9	-1.67638e-012	0
-0.48	-953.86	-0.895	4.61005e-012	0
-0.47	-976.693	-0.910067	1.04618e-005	7.89333e-005
-0.46	-964.571	-0.9093	9.17159e-005	0.0007224
-0.45	-979.4	-0.925	-2.51457e-012	0
-0.44	-977.477	-0.914833	0.000690618	0.000193333
-0.43	-955.722	-0.903967	0.000109135	0.000983733
-0.42	-965.698	-0.914867	0.00150517	0.000155733
-0.41	-973.56	-0.915	-5.55301e-012	0
-0.4	-973.56	-0.915	-5.55301e-012	0
-0.39	-943.18	-0.8741	8.08199e-005	0.0008856
-0.38	-947.295	-0.874833	0.000134581	0.00155333
-0.37	-949.52	-0.89	5.23869e-013	0
-0.36	-963.046	-0.9006	4.92687e-005	0.0006336
-0.35	-948.546	-0.882233	0.0018535	0.00156293
-0.34	-947.496	-0.874433	0.000909487	0.00468293
-0.33	-986.228	-0.925367	2.66413e-005	0.000407733
-0.32	-985.723	-0.922267	0.000663364	0.00180693
-0.31	-972.9	-0.915	-4.08618e-012	0
-0.3	-973.5	-0.92	2.4098e-012	0
-0.29	-968.792	-0.9139	5.19536e-005	0.0010296
-0.28	-948.509	-0.876033	0.00152821	0.00242373
-0.27	-959.452	-0.866033	4.30285e-005	0.000983733
-0.26	-948.703	-0.875033	0.00102601	0.00659973
-0.25	-975.86	-0.91	5.02914e-012	0
-0.24	-963.531	-0.909633	0.00122751	0.000407733
-0.23	-963.164	-0.902433	4.75761e-005	0.00149893
-0.22	-970.089	-0.890333	1.08416e-005	0.000373333
-0.21	-961.225	-0.904267	0.00590488	0.00155093
-0.2	-958.92	-0.9	-6.3912e-012	0
-0.19	-941.324	-0.8804	0.00162012	0.0011616
-0.18	-971.2	-0.905	-1.36206e-012	0
-0.17	-970.188	-0.8861	0.00552887	0.0011096
-0.16	-959.062	-0.9044	9.7321e-006	0.0006336
-0.15	-958.689	-0.894933	0.000693282	0.00591893
-0.14	-970.339	-0.892833	1.73264e-005	0.00147333
-0.13	-970.23	-0.890967	2.49011e-005	0.00245573
-0.12	-957.213	-0.870267	4.54717e-005	0.00526293
-0.11	-946.049	-0.888833	7.7924e-006	0.00107333
-0.1	-958.604	-0.899767	0.000518242	0.000666933
-0.09	-949.701	-0.878367	6.41391e-006	0.00131973
-0.08	-932.546	-0.842067	9.27334e-006	0.00241493
-0.07	-939.955	-0.8472	0.00399598	0.0074784
-0.06	-956.94	-0.858067	0.000382133	0.00238293
-0.05	-974.46	-0.93	3.03844e-012	0
-0.04	-974.46	-0.93	3.03844e-012	0
-0.03	-974.46	-0.93	3.03844e-012	0
-0.02	-954.192	-0.909867	0.000381273	0.000155733
-0.01	-970.119	-0.909733	0.00114021	0.000542933
-5.79398e-016	-958.32	-0.915767	0.00085824	0.000778933
0.01	-942.435	-0.891267	0.00238162	0.00145493
0.02	-962.305	-0.905167	0.00085387	0.000193333
0.03	-974.196	-0.912	7.77603e-007	0.00144
0.04	-973.9	-0.93	-5.44824e-012	0
0.05	-970.093	-0.925667	0.00335336	0.000693333
0.06	-966.493	-0.9053	3.84134e-006	0.0017784
0.07	-966.307	-0.905933	0.000589144	0.00147093
0.08	-962.691	-0.899033	2.72476e-005	0.00709573
0.09	-963.047	-0.888133	1.80973e-005	0.00372373
0.1	-962.379	-0.898867	0.00178807	0.00105173
0.11	-897.918	-0.8205	0.0030526	0.0023
0.12	-887.467	-0.628467	0.00493434	0.00255573
0.13	-942.511	-0.648	0.00430679	0.00552
0.14	-944.033	-0.6875	0.00357344	0.00302
0.15	-897.299	-0.389233	0.0251641	0.0224589
0.16	-907.147	-0.314467	0.00595095	0.0114517
0.17	-935.95	-0.138867	0.0193354	0.00729173
0.18	-897.497	0.117	0.00427629	0.00616
0.19	-949.52	0.642367	0.000932364	0.0140557
0.2	-1020.79	0.787567	6.09344e-005	0.00253893
0.21	-1006.03	0.801267	0.00618151	0.00337493
0.22	-1010.7	0.807533	0.0007528	0.00181973
0.23	-1026.1	0.803	7.87152e-005	0.00248
0.24	-1009.39	0.796233	0.00297288	0.00887493
0.25	-1037.2	0.794433	2.261e-005	0.000602933
0.26	-1028.71	0.828133	6.3425e-005	0.00156373
0.27	-1055.66	0.855567	2.63723e-005	0.000602933
0.28	-1041.16	0.831767	0.0019659	0.0133709
0.29	-1023.58	0.785367	0.000426006	0.00272773
0.3	-1031.76	0.786167	5.796e-005	0.00107333
0.31	-1066	0.8687	6.65627e-005	0.0011544
0.32	-1066.95	0.876167	6.59456e-005	0.00107333
0.33	-1018.26	0.749833	0.000284447	0.00435333
0.34	-967.282	0.752267	0.00451215	0.0145269
0.35	-1044.99	0.826933	0.000104586	0.00142293
0.36	-1038.41	0.8624	0.00215895	0.0036576
0.37	-1046.83	0.8422	0.000965375	0.0016384
0.38	-1058.73	0.865833	7.22e-005	0.000833333
0.39	-1054.37	0.867967	0.00299676	0.00184773
0.4	-1064.02	0.8739	0.000191002	0.0019896
0.41	-1031.3	0.845367	0.000509537	0.00216773
0.42	-1047.26	0.844	0.00534262	0.0012
0.43	-1040.1	0.8494	7.02916e-005	0.0006336
0.44	-1046.55	0.842133	0.00190512	0.00250773
0.45	-1030.46	0.817567	0.000260248	0.00165893
0.46	-1063.78	0.8686	0.000295766	0.0023296
0.47	-1040.15	0.850133	0.000724076	0.000555733
0.48	-1015.01	0.818	0.00682895	0.00504
0.49	-1042.3	0.859267	0.000108179	0.000750933
0.5	-1050.11	0.858333	0.000248	0.00165333
0.51	-1057.01	0.8697	0.00340816	0.0073784
0.52	-1071.54	0.885	5.65778e-012	0
0.53	-1082.72	0.9	2.51457e-012	0
0.54	-1082.72	0.9	2.51457e-012	0
0.55	-1082.62	0.8999	0.000458816	0.0001176
0.56	-1077.62	0.895	-4.19095e-013	0
0.57	-1076.62	0.890633	0.000129388	0.000663733
0.58	-1073.54	0.8949	0.000469676	0.0001176
0.59	-1076.48	0.89	0	0
0.6	-1054.08	0.88	4.81959e-012	0
0.61	-1073.73	0.894967	8.87087e-006	3.97333e-005
0.62	-1080.22	0.905	2.09548e-013	0
0.63	-1044.64	0.873667	0.00267814	0.00165333
0.64	-1071.03	0.8999	2.89014e-005	0.0001176
0.65	-1068.46	0.89	-1.67638e-012	0
0.66	-1056.46	0.89	2.72412e-012	0
0.67	-1060.46	0.89	1.25729e-012	0
0.68	-1071.03	0.899433	0.000167278	0.000602933
0.69	-1071.18	0.9	0	0
0.7	-1076.58	0.905	7.96281e-012	0
0.71	-1080.58	0.905	5.65778e-012	0
0.72	-1080.37	0.904267	0.000507286	0.00163093
0.73	-1076.71	0.905133	0.000696399	0.000155733
0.74	-1075.13	0.900167	6.35216e-005	0.000193333
0.75	-1075.06	0.9	-6.49597e-012	0
0.76	-1068.71	0.905067	0.00107306	7.89333e-005
0.77	-1062.98	0.899967	0.000542429	3.97333e-005
0.78	-1055.92	0.89	-2.72412e-012	0
0.79	-1091.82	0.915	-8.801e-012	0
0.8	-1083.76	0.9148	8.84736e-005	0.0002304
0.81	-1074.2	0.91	2.30502e-012	0
0.82	-1089.48	0.92	1.04774e-012	0
0.83	-1087.76	0.914967	0.000556161	3.97333e-005
0.84	-1099.18	0.925	1.88593e-012	0
0.85	-1083.78	0.915	-5.86733e-012	0
0.86	-1097.46	0.919967	0.000195002	3.97333e-005
0.87	-1097.5	0.92	-1.1106e-011	0
0.88	-1099.26	0.925	6.28643e-013	0
0.89	-1099.26	0.925	6.28643e-013	0
0.9	-1099.26	0.925	6.28643e-013	0
0.91	-1099.26	0.925	6.28643e-013	0
0.92	-1083.58	0.915	5.65778e-012	0
0.93	-1093.44	0.92	-1.25729e-012	0
0.94	-1093.44	0.92	-1.25729e-012	0
0.95	-1089.44	0.92	3.77186e-012	0
0.96	-1089.44	0.92	3.77186e-012	0
0.97	-1089.51	0.920033	0.000588869	3.97333e-005
0.98	-1083.38	0.914733	0.000174562	0.000302933
0.99	-1071.54	0.905	4.4005e-012	0
1	-1073.54	0.91	2.93367e-012	0
